8
3.9
-0.64
8.1165
3.80634
-0.658
8.35465
3.62492
-0.616
8.55039
3.48741
-0.574
8.68037
3.41551
-0.382
8.91925
3.29313
-0.535
9.04896
3.22036
-0.433
9.26211
3.11308
-0.466
9.41856
3.02656
-0.499
9.54769
2.95257
-0.487
9.78764
2.83192
-0.415
9.94814
2.75364
-0.448
10.0536
2.69931
-0.436
10.3141
2.55323
-0.559
10.4613
2.45114
-0.607
10.6125
2.35551
-0.475
10.7389
2.27685
-0.583
10.9409
2.14904
-0.511
11.1217
2.04444
-0.499
11.3238
1.91697
-0.592
11.4509
1.8397
-0.445
11.6887
1.71467
-0.493
11.8495
1.63718
-0.361
12.1023
1.54798
-0.289
12.3338
1.49548
-0.127
12.3896
1.48036
-0.28
12.6216
1.42997
-0.118
12.9176
1.40465
-0.031
13.0943
1.39175
-0.079
13.2986
1.35626
-0.232
13.4734
1.32621
-0.07
13.6201
1.31362
-0.058
13.9166
1.29503
-0.046
14.0032
1.28372
-0.139
14.2689
1.25498
-0.052
14.5055
1.23735
-0.07
14.6222
1.22667
-0.058
14.7089
1.2163
-0.106
14.9131
1.17986
-0.214
