3.432493321446299 -4.254646325799674
1.7590431821193442 -3.5354900290377733
0.2508116910121094 -2.9011749978210255
-0.9611294255220306 -2.344595881962816
-1.8145674522008857 -1.8591316794493187
-2.2917977537700454 -1.4386314632057149
-2.3495913070183656 -1.077405690952772
-1.92051858583344 -0.7702255650265123
-1.0214701890743443 -0.5123018670276169
0.17388502382613003 -0.2992358000437381
1.4515987140175945 -0.12701099249978023
2.7300354984107362 0.007984415838586544
4.035948206984726 0.1089915400702518
5.267413677155067 0.17893354834910247
5.999999999953559 0.22045965978435222
5.999999999893917 0.23622010586450373
4.21308791252176 0.2280060148661099
2.9569653406250325 0.19613361839421403
2.364528400139018 0.14289971986067887
2.1841149942672997 0.07062201365195282
1.6671708676187957 -0.019495489047754496
0.2538716866873206 -0.1270439376720353
-1.843230419844534 -0.2534047875170181
-3.3282904791537375 -0.40535973444711004
-1.9042331607437113 -0.5715897551892011
3.447485744177119 -0.7193068969705799
5.999999999964943 -0.798674700818487
5.999999999929532 -4.9999999998738485
-6.00011887179041 5.000110827327599
-6.000352887805933 5.000248772545651
-6.0006961589235726 5.000303008594919
-6.001137754343926 5.0003572446444045
-6.001430355084745 5.000411480694344
-6.0014093635769035 5.00046571674475
-6.001163804525787 5.00051995279586
-6.0008449455198765 5.000574188848866
-6.000504642818739 -4.999371575098081
5.999843104721107 -4.999317339043763
6.000122027851239 -4.9992631029881345
