4.0000000012958346 2.373572372759943 3.9999999813455913 2.3736159159099994 4.000000031154472 2.3736303167082404 4.000000020683345 2.373612320946496 3.9999999670139057 2.373511890835653
3.9999999987435184 0.5186341049597143 4.0000000091269206 0.5185087929029653 3.9999999789577587 0.518467130074291 3.999999991279467 0.5185108136045473 4.000000023433735 0.5188069176416157
4.000000001904047 0.2719881999913749 3.999999992523184 0.27219157927995713 4.000000020334418 0.2722598710436502 4.000000007927721 0.2722025466095754 3.9999999788589484 0.27170906535875083
3.999999999086618 0.2626547260712532 4.000000005148945 0.2623757424363652 3.9999999838757914 0.26228020306982786 3.999999994699822 0.26234633645017835 4.000000018740501 0.26303798291677466
4.000000002491134 0.008754708310032427 3.9999999928101695 0.009108783974733962 4.000000017665479 0.009231469745531132 4.000000005556083 0.009157914556963619 3.9999999830302926 0.008268136215348287
4.000000000833806 0.4403231646799251 3.999999999285648 0.4398976180975269 3.9999999876789394 0.439746057026571 3.9999999954781815 0.4398212520031889 4.000000018278256 0.4409109823252516
4.0000000037111345 -0.17868202233157954 3.9999999913495405 -0.17818446024280316 4.000000015792112 -0.17800469416748177 4.0000000030265515 -0.17808166564114186 3.9999999876765417 -0.1793707995864995
4.0000000030152965 0.5921249733740017 3.999999993112265 0.5915596817719881 3.999999991994295 0.5913493437792443 3.999999995206477 0.5914213853085898 4.00000001822828 0.5929125284817977
4.000000000460778 0.19715983832715497 4.000000001096776 0.19778627765262513 4.0000000088564915 0.1980307666741882 4.000000002725768 0.19797390056484612 3.9999999884169397 0.19627681996254182
4.000000000785746 0.2254987657865657 3.999999997196765 0.2248102395437193 3.99999999563863 0.2245321618248203 3.999999998488927 0.22457487537843268 4.000000009446178 0.22647745489867394
3.999999999194803 0.24946749393221743 4.000000004496168 0.2502145862605883 4.000000003964142 0.25052849993085646 4.0000000027065195 0.250504866942318 3.9999999911933077 0.2483945321417042
4.000000001204711 0.2051200462965749 3.999999995702222 0.20431687947506444 4.000000000148845 0.20396544147805581 3.9999999989646815 0.20396657922511435 4.0000000055326055 0.20628638086225476
3.997639341751563 0.3125005479915026 3.99704357011873 0.3251514690551943 4.000000001390587 0.31679731134219885 3.9982387269445545 0.30198201717474904 3.9952783855895477 0.3081885650124261
3.9999999967246596 0.11252265279398427 3.999999917036467 0.08802841262480372 3.9999999838992157 0.10508533611397372 4.000000089887484 0.13470891790919162 4.000000014000061 0.11997863542927424
3.9999999950646714 0.16411005105758225 4.00000013731378 0.18864482205661662 4.000000015419941 0.1716360244690896 3.999999879789125 0.14205513163133704 3.9999999739592975 0.15656580214861518
3.997789635433679 -2.561387403780185 3.997140925937533 -2.575063369242701 4.000000001410539 -2.5651720593993312 3.9984621166163414 -2.550353827841794 3.995579381683051 -2.5575865907668605
4.000000069388328 -4.0000000001511475 3.9999997757468955 -3.9972059770911925 4.000000000407893 -4.0000000069099695 4.000000015160325 -4.000000006230574 4.000000140788549 -3.9999999864630973
3.5598198156546843 0.8841209107954925 3.9999999901444347 -1.1454302783283343 3.185979616708924 -1.7549585026848855 3.1816565098529064 3.4458590524060106 4.000000010504321 2.988986124961938
3.20234258485268 -2.505071527760979 4.000000000133391 -1.859170970950565 2.6330069623295627 -2.9646182510069603 2.548917211389086 -2.2338667512833528 3.9564077042007475 -2.926203785995114
2.8971871013917143 -1.2993670270949154 3.999999999892546 -2.272625274525578 2.401749481990118 -4.0000000003969065 2.0104874366047105 0.5915328199630587 3.7800119080791013 0.8364114386117386
2.9115601127430684 1.266183885193563 4.000000000014288 1.6714171369992237 2.297760335139808 3.8623921401806802 2.0976656406979406 0.19978777719367785 3.894468906615208 -1.210490931705556
3.2604448336897316 -1.6965291326534893 4.000000000239495 -1.1012050332048025 2.688338599982354 -0.4589936720499201 2.6701422972776485 -4.0000000002840785 3.975426075015775 -0.9075162112322969
3.187124782399531 0.7956633864382546 4.000000004602921 -0.23529430065108572 2.554725473915691 -1.1858245792767088 2.5702545988875753 3.9999999994996496 3.9999999955477596 0.2731635203311172
2.8867716128265273 -2.283297384762338 3.999999992207054 -2.5614506366678493 2.1387733745226556 -4.000000000466972 2.1467741363423967 -1.7320715468878893 4.000000007741064 -0.540291540330873
2.792785602301694 1.1718628060566199 3.931832227242408 0.908070894650839 1.9745274928663412 2.0148837149327488 2.108219902136225 1.7773027835661226 4.000000000148439 -0.5474508257363295
2.8260729634688477 -1.4552607904162713 3.823816362069155 -1.3688646081780251 1.9293911535267467 -0.8185122165896261 2.2701425477119956 -2.862297739752347 4.000000000079184 -0.4926221190148409
3.270226832419359 -0.2685703096433543 3.8744641156759485 1.876703043650736 2.6624066580986137 3.999999996971862 2.834218784471886 -3.9999999996661044 4.0000000000256755 -2.7517036226404694
3.990832172259401 -2.883507368600698 3.9883627663721786 -1.5276900484595806 3.985592647964606 -3.0903010134796443 3.996140582167083 -4.000000000345312 3.9999999999991194 -3.0712504526212094
3.9950438724224924 1.9643587082863974 3.9935151535938744 0.6262531425161154 3.9928048784834735 2.1874205047007713 4.000000000516162 3.0632245750936775 3.9999999995578954 2.1359753752401462
3.9699924683150054 -1.1360173229067387 3.945326751407838 0.3325126468997877 3.9924342373838826 -1.2236543297836007 4.000000000069276 -2.36426012036988 3.94933489945229 -1.4443378882135294
3.963581142858086 0.7064901288230399 3.932609573522779 -0.7276667523204526 3.992718519257371 0.8358842902155006 4.000000000072951 1.9015524926059506 3.935751117629981 0.9721024040566754
3.9979722388584915 -0.627890117688242 3.999999879947965 0.6511555855597156 3.9969150807614624 -0.9230378351974108 3.9999999909925767 -1.6703030813763164 4.000000129132568 -0.72553450898667
3.9979725674465136 0.6278354860858272 3.9999998734959763 -0.6510864541061668 3.996913861125506 0.9229762667463963 3.999999988616296 1.6703213245084307 4.00000013796616 0.7255350165349124
3.9045614801896593 -1.0710774558647678 4.000000000326625 -0.21380628644223096 3.823306675712129 -1.8609119138472936 3.811797692208849 -1.6703406843535873 3.99078020599784 -0.6958985097616658
3.9954190130938048 2.4865228846961003 4.000000006423139 2.017959313254546 3.999999993420381 3.7402889712425407 3.9889574151837777 2.6756760999004734 3.9981819335436315 1.6690693696209
3.9920471859421456 -0.8416401943232943 3.989283216578946 -0.32033528445703513 4.000000000411967 -2.0459973125524873 3.9945825386567613 -1.0839092977180786 3.988719150350538 -0.07348829580099078
3.9981030726648252 -1.469243778146288 3.998112402346384 -1.986767768943578 3.9975084212360477 -0.25885908642978883 3.9999999891041367 -1.2305263500910666 4.000000011014402 -2.243381396219618
3.5370547414819753 0.5309789682894392 3.13343038821436 3.4516558985697805 3.941432798602708 1.5529435316416949 3.9999999996395013 -1.578151639647484 3.1941368980663745 -1.4557633506703131
3.5404293863576206 0.6743634670495599 3.1402579139731133 -2.219332787220362 3.945557255804893 -0.4141038269910491 3.9999999997746065 2.7489499873738823 3.196663090463619 2.7342229165221443
3.9984073565767284 -0.30052357700264465 4.00000006873848 0.1407969584140275 4.000000023001159 -1.4013198654887449 3.996874718420339 -0.4481442761908324 3.9999999084326134 0.35076672360965266
3.9965507267975107 2.9291967645384007 3.9999996294912297 2.4511464940618586 3.9999999934893156 3.99999999576296 3.9907245229182418 3.1139323436738975 4.000000377347135 2.3077858036711776
3.997919411682342 3.3743325821860735 4.000000650372036 3.9562005575430064 4.000001300139433 2.3669615195541915 3.999998049212331 3.085495011396528 3.9928416817148085 3.932313288266
3.9974970994603938 2.1592863682211996 3.994147964927457 1.488114903746586 4.000001350968172 3.138107428542483 3.999997426988273 2.537553264532211 4.000001221536332 1.6299853123530759
3.995739850173762 1.2349104467112177 3.999999975201461 1.9694546169168636 4.000000024483547 0.25814573834450316 3.9939230977467264 0.7931070274447202 3.9916867963750136 1.7620829220483096
3.988922321893208 0.6208666191812675 3.9893754768749767 -0.1095852048541197 3.9999999996683293 1.593904620769689 3.9890843107509344 1.0586544831117748 3.980811582227577 0.0975895998551065
3.9983967992955796 0.3908704077709255 3.999999987110258 1.0813582772463906 3.998221641707066 -0.5763295274640721 3.998233952677131 -0.007047181166932254 4.0000000125407675 0.908129135683793
3.99886611034123 0.2622224667814716 3.998814571190254 -0.43194671793634914 4.0000008009077295 1.23033163537774 3.9999979795352885 0.6639502073789185 4.000001219058063 -0.2557864228619287
3.999994543542889 0.09872560072459492 4.000003207173543 0.7969693259848822 4.0000020698472945 -0.8702550797439389 3.999996393258513 -0.30712814320077403 4.0000037838746145 0.6175284001163556
3.948228118852881 0.20887961702039276 3.961638603732102 -0.23646905787561878 4.000000000417375 1.1121456340624947 3.9356901039991796 0.3600796301149396 3.89864616471682 -0.24256172559399483
3.9999976599423723 0.3434157508584156 4.000000793325917 0.538922265729826 4.000001305218564 -0.49492699987869937 3.9999981771276207 0.44389547287458125 4.000002063634374 0.7283151493624318
3.7518603575985057 -0.4876772786392681 3.8278242897068604 0.6121889807726645 3.999999998653386 0.012484591649348016 3.697888808474136 -1.9312355315262546 3.5045926110161707 -0.4865660762382778
3.601859907914674 0.00615634987580419 3.712016531607931 -0.2493238837592568 3.9999999993288284 -0.5997381016101803 3.5357924160813914 0.5456887011160821 3.206576007909216 0.1727818631581194
3.492899605252918 -0.2684936849165977 3.6192564213548777 0.6520143042155577 3.9999999996884696 0.3301865351140419 3.4432273000555926 -1.5126895157020201 2.988337797374197 -0.3849068660231074
3.35844294191325 0.07199336693303855 3.499957537450784 0.025454700482420572 3.999999999807214 -0.487596366734044 3.3382099174778 0.4084586203368222 2.7194090581279835 0.19062352439236321
3.2788448481334598 -0.10744417883676458 3.4142589361319162 0.5104225088339736 3.9999999999354996 0.5732625292645847 3.3014761727466198 -0.9835926296668825 2.5594440428774945 -0.37748521086815723
3.0752952899282717 0.03329209662049246 3.187842526548401 -0.029097794819585583 3.834466397474917 -0.4653910076560551 3.14745400550539 0.4397723290247711 2.316619889665256 0.02896144901259795
2.7792271356125275 -0.02599351762518493 2.854159170440279 0.2602688926406477 3.4902381568754755 0.6675654673484573 2.883410451909136 -0.5416539225390452 2.069052465309213 -0.3469304112084119
2.5174724134646893 0.004742552151019254 2.5600476472784073 -0.05673146948348278 3.1830725475600947 -0.4898661990455187 2.6478281545290048 0.4220354941950378 1.8530666829236853 -0.018674557246962674
2.272575102535826 -0.018328949972645857 2.2856445989217358 0.08751315215387269 2.8724637792649164 0.656249627581176 2.414799804638841 -0.36865617140409307 1.6753691949950502 -0.3026510401543903
2.0661739404163306 -0.01330249570447929 2.0569468380109677 -0.03629097183283257 2.6146930656719856 -0.5154025878610881 2.2180485607262272 0.364441035855002 1.5215505167356507 -0.027349514618568545
1.864613554079327 -0.0323316062347541 1.8374670537578637 -0.032864702488781115 2.3533044579112326 0.6209527754360727 2.016956934676968 -0.2994431614292045 1.3812832094780236 -0.26679124966252876
1.6989277263314462 -0.032053896641242384 1.6585258163175807 -0.02423509745896401 2.14118312118309 -0.5415143871638379 1.8516999682412707 0.3127075482743295 1.2632012067087057 -0.03485884371355274
1.5328505730323996 -0.051486971993945294 1.4830942187192906 -0.1237755546095702 1.924376263122812 0.5821203366044192 1.680028531918889 -0.26995013363147585 1.1488029739318484 -0.2385726720008473
1.3990883608020066 -0.051754822550314314 1.3425001096501712 -0.027592181192212344 1.750929780265471 -0.5684108152828646 1.5416988087470627 0.2734436729601803 1.055492864955796 -0.04181334968437203
1.2617300384671997 -0.07036421387872772 1.2015434304557835 -0.19507107030787513 1.5712776047370716 0.5452446348451756 1.3956356633229883 -0.257903031248935 0.960773049849734 -0.2152252278572987
1.1534615682336595 -0.0704819082616263 1.0907741058786846 -0.04045756583026151 1.4299242700251749 -0.5948716064338756 1.2803056699534816 0.24462513876725436 0.8858945031541572 -0.04583074545472515
1.0393100261986106 -0.08657849126742716 0.9767957459332546 -0.25171615415147 1.2807943014091567 0.5121776310587587 1.156096722751867 -0.25332285315638253 0.8065431655155878 -0.1943166119685004
0.9514808803634526 -0.08631232896293792 0.889285111280965 -0.05452478966142555 1.165895118917866 -0.6188765419899102 1.0602670155004719 0.2230277665401628 0.7457008632484892 -0.046635418105433986
0.8562188792461076 -0.09902496190754917 0.7965688874951822 -0.29667220211446277 1.0420020881262602 0.48355632084427563 0.9547292291754159 -0.25099309264069836 0.6785201350776715 -0.174208723622069
0.784807250143317 -0.09792284097526492 0.7271905377410858 -0.06247618530263914 0.9488602587147046 -0.6382673659711988 0.8753619443039189 0.20577596870676854 0.6284958900356338 -0.04567911960734857
0.7051583526561557 -0.10740208008653933 0.6514263744671082 -0.3321860876931611 0.8461270536228862 0.45940269773799364 0.7859755969958997 -0.24806047575887233 0.5711776891276399 -0.15397362512902504
0.6469950342846512 -0.10470357696588575 0.5961892230409116 -0.05927477793192085 0.7708795764883584 -0.6511816084547579 0.7205042264362527 0.19058861708229566 0.5296290144372207 -0.0450614502980357
0.5805235997259672 -0.11198377917001749 0.5341583603170553 -0.3602808659000386 0.6861597117409243 0.43935432024376536 0.6453189360278965 -0.24310827367259782 0.4805973076084743 -0.13322892592668298
0.5331434860751738 -0.1067231536461019 0.4899965689466341 -0.042850075601542616 0.625642318176769 -0.65643978581178 0.591604318660834 0.17588429546067325 0.4458654163974404 -0.046591182411658216
0.478023695969029 -0.11342646612663627 0.4392992857146787 -0.38282935521392747 0.5564237143889896 0.42281701348635264 0.5290560122263475 -0.23568058924708715 0.40408871836509264 -0.11198940001264807
0.43950023668665444 -0.1046397424896888 0.4038817900772491 -0.014352359321207615 0.508011714831866 -0.6539434434202834 0.48528629239025706 0.16091858855791433 0.37501313879599096 -0.051139723361698836
0.39427323464383784 -0.1125915631158299 0.36268486745218037 -0.4014690109977384 0.4521430958900882 0.4090608893430835 0.43398562484091896 -0.22593767156155178 0.33978496477933884 -0.09053329587655752
0.3630130820555527 -0.09953458331036846 0.3341938626955429 0.022426851403930564 0.41356162205035796 -0.6448531506133837 0.39852299812498926 0.1457645905091811 0.31548340011286724 -0.05845088909312827
0.32633962083001733 -0.1103894600604625 0.300972317312768 -0.4175449539195838 0.3690103087431713 0.3972565356362834 0.3570443141782329 -0.21435352605561628 0.28617551649009965 -0.06925969473701271
0.3008694862870659 -0.09264984082355932 0.27786185850520334 0.06260191633120273 0.33815105134515633 -0.6312539239854553 0.32826509660091796 0.1309807496384954 0.2658111899891906 -0.06749672698920942
0.27130893569918363 -0.1076404167394099 0.2511477450190036 -0.4321648261459561 0.3028138724035981 0.38649409565687487 0.2949740059611223 -0.2014651774507397 0.24163467960209525 -0.04852573761085974
0.25011745995309526 -0.08510685301354537 0.23194102941233383 0.10200325790339163 0.27761150108889976 -0.6153998204483232 0.27116487909866177 0.11713236932476866 0.22423690490331027 -0.07713156055399563
0.2260587086327318 -0.10496673835654613 0.2102004234198546 -0.44633082667356505 0.24929335445589315 0.3758310578309549 0.24420957672674015 -0.18769727888531976 0.20414110379635855 -0.028481745468624805
0.20743238817977647 -0.07771144237649733 0.1932827378375997 0.13822544135651152 0.22757543364420907 -0.5990330958073032 0.2234419743723675 0.10450686145036657 0.18843733471387727 -0.08657860501121441
0.18742413415858253 -0.10279666055707946 0.1751696515453428 -0.46113510135424907 0.20437937844836102 0.36428184626925414 0.20115676322262666 -0.17323151188587885 0.17139335087034255 -0.00893974185852161
0.16902157947030813 -0.07083775772648222 0.15834667603581937 0.17061525553499476 0.18341365823071812 -0.5830953206914247 0.18086407172835622 0.09315370873729574 0.1554148913271439 -0.09547645966213002
0.14164529607533435 -0.10112646579822406 0.1331477308918983 -0.47715015963279217 0.15281020559510225 0.3511632440258977 0.1509960037744856 -0.1578593766654099 0.1310561457724276 0.010844475132103341
-1.0826660079815277e-5 -0.07344014232923042 -1.0200473942070353e-5 0.059409027657998714 -1.1632274264432704e-5 -0.38855476783917786 -1.1511133400903482e-5 0.016153186759920526 -1.0064891720860716e-5 -0.05859689263385484
0.11870578353491444 -0.08439886960321247 0.11231015429757144 -0.21638868558171584 0.1267137495219541 -0.026037005205243824 0.12562071742656497 -0.010234867379720491 0.11107349044260184 -0.06003105770901272
0.07958672527073783 -0.07846190590334677 0.07558633211637204 -0.07479977235334798 0.0844806069384345 -0.20659862766038184 0.08387599251102257 -0.04801715847841273 0.07491133310061483 -0.010413176036307766
0.09355482700729907 -0.08151192898527186 0.08920694330413885 -0.20874495143467772 0.09875498903258936 -0.026485580870094266 0.09818183783642825 -0.007515868822625147 0.08857061825856095 -0.05536293920165111
0.08182105370717202 -0.07425558322392212 0.0783311202911755 -0.06828668318736322 0.08590560831617931 -0.2028175851303343 0.08550771486877566 -0.04769186600632968 0.07789584383909798 -0.008205473410131203
0.07398187746252682 -0.08113252867813749 0.07112498924566632 -0.20420817357660065 0.07725378922077095 -0.031069270776639412 0.07697928315563643 -0.005106234573529767 0.07082568772438955 -0.05164946395199582
0.06640259436275915 -0.07170825864460707 0.0641083849537848 -0.06528730276683566 0.06897638883967547 -0.19971312560103746 0.06879373544307649 -0.049049210578605354 0.06391280076882344 -0.007759529032283
0.057681326430971326 -0.08262675377706158 0.055935755904535936 -0.20075683502165287 0.05959826822420353 -0.03917337768193737 0.05948918739087125 -0.003855584580640038 0.055818724441826964 -0.049504440222174345
0.04840288453129754 -0.0715645491562413 0.047144120881984476 -0.06477340910614955 0.04975779794285067 -0.19615715327867317 0.04969886364025192 -0.05339568863592516 0.04708258962870772 -0.010803952203012154
0.037707066807974934 -0.08806867647630645 0.03688679089165679 -0.19587473655807064 0.038571134292437206 -0.04891085792019055 0.038546889969844324 -0.011733167750724046 0.0368609361832021 -0.05616752591746731
0.020307302923107663 -0.07043702265931345 0.019956771059499678 -0.06989856382684724 0.02066926478966137 -0.19460191716071307 0.02066419184381324 -0.04896539892645356 0.019951788814744714 -0.0070383869837215745
-0.004106094886709833 -0.03224860162694783 -0.004075621760877739 -0.21144936433016207 -0.004136923289145534 -0.1423527989272453 -0.004136858347386732 0.13011469838466674 -0.004075499932029164 0.11362226296198215
