2.000088733804985 0.07780282362476088 2.0000017517785356 -0.7031562802574868 2.0000065801652114 0.469579476130751 2.0000498931906514 -0.6477279217755504 2.0000902639949105 2.000022721970538 2.0000001812927075 1.6273360102530299 2.0050326558377427 -1.800380912578368 2.0017283341277152 -0.005450283359149067 2.000006975585525 -2.000028557812909 2.0000933915281154 -2.000061115081585
2.000116742660295 -0.05828982423505979 2.0000017392120553 -0.31354723600177414 2.0000069744322597 0.19457236424595015 2.000039405560538 -0.6018586886369138 2.0001008126369197 0.7259683983939591 2.0001214140691013 0.6718100149529928 2.0050377527074414 1.5769907982255722 2.0017297681678645 0.0019251936195460158 2.000303138694148 -2.000026585303235 2.0000962349913154 -0.25741658426432845
2.000006297007678 -0.011547264716200779 2.000005474878846 -0.27064801543166356 2.0000073629646984 0.1017981470168719 2.00002902038235 -0.6539807204228589 2.000143450088204 0.04114964854417219 2.0001061967712253 0.34526694518000683 2.005036934388151 -1.9511837597667707 2.0017304404995957 0.0024961795599696113 2.000141842034263 -1.055018069025922 2.000096840982171 0.27222403791321387
2.000018015346325 0.010068860394925288 2.0000088901840702 -0.575345705689857 2.000007825345637 0.15486438228503407 2.0000217105678613 1.5713493902482603 2.000155854335373 0.14311350161121264 2.0000957125031786 0.11040270730392493 2.005037361848688 2.000723980900976 2.001731102852498 0.0014327469728637804 2.0029409835621195 2.0000088373514813 2.0000982109863417 0.09081898192402311
2.0000045683617786 0.03855217463817007 2.0000111989968636 1.595582805844812 2.000008301993207 0.24349138310594934 2.000015007819535 -0.5186881884407253 2.0001699339785164 2.000155013272326 2.001953717595504 0.15346458554680958 2.005037766054002 -1.9531702205738812 2.001731745615362 0.0004622099413189734 2.0000385455531786 1.9989307497074915 2.0000994527450264 -0.07348778401028096
2.000003235150176 -0.01331030783031869 2.0000142241703776 -0.5439872362294044 2.0000086503944483 0.5839636037581283 2.0000471233769836 -0.353706312030623 2.0001622342801113 2.000000416056645 2.001581559071755 0.07665774701073878 2.0050401698070064 0.8657341954129893 2.0017327714830118 -4.265339375986569e-5 1.4774902464999191 -1.8899427588456847 2.000100588832133 0.668323614951666
2.0000038490148015 1.0812345645011754 2.000016303407227 -0.2774937192127603 2.0000088674848264 -1.6165591243683446 2.0000371014336724 -0.2343999444254186 2.000235788828407 1.9873910977519624 2.001237146054134 0.09660820809046708 2.005049319072029 0.060168364406175456 2.001733735284501 -0.00018384454194586184 2.0004943735295226 -1.5706298222824207 2.0001029213022243 -1.631650898398273
2.0000104834022148 -2.000023129575978 2.0000168733657784 -0.17003118866752456 2.000009023426113 0.6279978611045776 2.0000277611543495 -0.18615611047844224 2.000078449654802 2.0002110508129025 2.0009217184788284 0.18506562115460962 2.0050509921068804 -0.012902069874974421 2.001734636100825 -0.0001469967714407709 2.0001450264302 2.0000530173585394 2.0001053543668768 1.5319328432313755
2.0000149982466655 1.2672396502827772 2.000015180960508 -0.08690279386973132 2.000009508145062 0.31944333061348823 2.0000023558299094 -0.1324715120777378 2.0000689097684834 -2.000044537577293 2.0000331304479118 0.15342842188099995 2.0050527068521466 -0.03998818666623026 2.001735466465115 -5.946594540641735e-5 2.000165404798811 2.000042088496675 2.000107453485387 0.1400698954852457
2.000152494698076 0.29784418177765637 2.0000106093215537 -0.13192093288016166 2.0000099860869187 0.2454278511826942 2.0000010440005616 -0.08228050104154438 2.000031670489107 -2.000179949046078 2.000003169285951 0.25456663155330456 2.005054238956468 -0.04506041168020278 2.0017362144206468 -8.250831340374761e-6 2.000133767452781 1.7371900532622646 2.0001107420154653 -1.6088093395329157
2.0001946392854824 0.2215737862537955 2.0000063925405085 -0.06343737395701578 2.000010457040198 0.28052741736465925 2.0000003082964133 -1.6355047371498042 2.000017663361217 -2.000120818781252 2.000031861001757 0.31614624670723424 2.0050557513514184 -0.006570726255862892 2.001736856345807 -1.101475838655621e-5 2.000339834065584 -2.001042115814308 2.000113322532041 0.9822293567291268
2.000203339007371 -0.05800525115858694 2.0000207519386777 -0.04664140949032841 2.0000110063874192 0.21817310839232332 2.0000990809950965 -0.08215469735067346 2.000026974180475 -2.0000283957734384 2.000095553924623 0.42034521367507827 2.0050563118554803 -0.08271432720135978 2.0017373972530432 -5.248878756130165e-5 2.0000610482177104 1.3923254930331932 2.000115418097742 -0.24605989283791688
2.0003172528133177 -2.0002839335556573 2.000129434065326 1.5199004163771277 2.0000117287963315 0.26051555208056126 2.0001657170653413 0.41493532955518975 2.0000311420585932 -1.8543723508739396 2.0001309644254457 0.5706667037929948 2.00505578131577 0.48110968335360366 2.001737788570679 -0.00011000343361891124 2.002383250229175 2.0000284202359744 2.000115002082135 -0.04408185022677256
2.000089350329072 -2.000284310963243 2.000130867649798 -1.7276287634551861 2.000012561600429 0.17440393416404013 2.0000994199477637 -1.6350800465405833 2.0000300497860644 -1.0765259198706554 2.000069503961647 2.000121123815403 2.0050474118948824 -1.5327931721998416 2.0017380049921703 -0.00016305536123158658 2.0000558907672827 -2.0001197994830684 2.0001167429576943 -0.058939005191602604
2.0000258478412327 -2.000113648552276 2.0002482607209404 2.000011658318263 2.0000136093134837 0.17609727990145113 2.000091643788494 0.015608707126531849 2.0000260296409187 -0.62459294008606 2.0002285210234207 -0.05975067197420467 2.0050478792731097 1.9938224307398709 2.0017383245602933 -0.0001979755532828996 2.000003715592491 1.9999999602155996 2.0001176157423988 -0.0714687148707709
2.0000355233407627 2.0002408092495356 2.0004234837375776 -1.6147256769299527 2.000014951084558 0.11449878230839083 2.0004289198106573 0.11963848580522748 2.0000213245332703 -0.363092099889347 2.0003272909028356 -0.10437613213679789 2.00505081089441 -1.0102753521700267 2.0017383967998645 -0.0001990915139154515 2.0000364287941585 -2.000008045235491 2.0001202713277735 0.0824106725048353
2.000030486172762 1.306895939732191 2.000493640417752 -1.6691873224271936 2.0000161615583116 -0.02663182301573393 1.4920584951782743 0.12023344484993659 2.0000164525140685 -0.21207525764617727 2.000422214599195 -0.9316883614831808 2.0050436889737258 -0.3749269844825842 2.001738149048097 -0.00021814240592738936 2.0000292157505606 -1.6414934259160399 2.0001228917735627 -0.7729545752580269
2.000025167051692 0.8505479662343282 1.8335948790369323 1.1526987168956466 2.0000176311587317 -0.07568871766516166 0.9584344144501854 0.23437013474192017 2.0000121932471386 -0.12506762185694825 2.000054551938959 -1.229888706394506 2.005036627255258 2.0000614521929494 2.001738739638984 -0.0001934632489323484 2.0000194024358637 -2.0000287830328594 2.0001245017242977 1.5760396333756344
2.0000192712677576 0.544908352473613 2.0058208722657525 0.6195000057641954 2.0000172324244345 -0.19387442338238933 0.36512852286848174 0.23419548512652436 2.000008328249389 -0.07514504077077479 2.0000161052235716 -0.7073527530135272 2.005021362386385 -1.08800555858735 2.001738347787861 4.463445385908063e-6 2.000005615367826 1.6780424265937832 2.000126467587064 -1.6293320452699884
2.000013607584534 0.34290341072459823 2.0001308387796484 1.570581689112607 2.0000906440797737 -0.09758143366254465 -0.45595089125587024 1.7770910970722302 2.000004660684924 -0.04670716065718214 2.000010484878146 -0.40174067988569645 2.0050249222215357 1.0928541201075366 2.0017378674707857 0.00013603561817897059 2.0001678652590593 1.7258645489176265 2.000128322914358 0.6368258889014619
2.000008972494849 0.20702432043287064 2.000009427560214 -0.1151464144095662 2.000053798779375 -0.18561347223434216 2.000620122228673 0.24839058332138342 2.0000271463789288 -0.03070777491265452 2.00000515469233 -0.2398638609507087 2.005032305832875 -0.5515755803395169 2.00173719539248 0.00018364740483088637 2.0001342931953374 -1.454966532987387 2.0001302076352676 -2.0002892237002303
2.0000053643123903 0.11850911498158177 2.000009365285048 -0.24749510192426374 2.000061473236918 -0.05990691830530622 2.000818047488353 0.3005985408372986 2.0000204671815474 -0.021899283326514096 2.000096505975494 -0.16950688066694608 2.0050117594347183 1.428558555051933 2.0017362624797865 0.0003184903329953472 2.000114522051649 -2.000141239104161 2.0001324195796872 1.366323447253729
2.0000021204050444 0.06891267133530213 2.0000041585748547 0.2472537581109103 2.00002867524577 0.23858222682158398 1.972433644604937 0.5803336247664581 2.0000146958759686 -0.017239437324660236 2.000048638867741 -0.1779730061842975 2.0050172752100908 -2.001402397743295 2.001736475388476 0.0004415310434715322 2.000086651014151 -2.0000000811618834 2.000130656148484 1.3354633542794725
2.000015768490083 0.04252058816545258 2.0000122748058153 -0.1659018192810267 2.000102067897862 0.4239628307946 2.000170236680657 -2.0000145755467837 2.000008934206087 -0.014967494075480467 2.0000315463383216 -0.267542190259715 2.0050189011767423 1.0830216900978669 2.0017356415145073 0.0005527211322663633 2.0000624151894173 1.803620347018474 2.000128768759033 -1.8154620614934176
2.00001029137525 0.025912614016841837 2.000010676009194 0.019472781993515594 2.0000746082199266 0.23216121267269196 2.000133746409559 0.4708890472368942 2.0000043662521474 -0.014068894774191864 2.0000156527454482 -0.45710325698040294 2.0050310036237207 0.15462922473650723 2.001734578729979 0.0004961692150661543 2.0000400175635478 1.789032603470236 2.0001278442826744 -0.4424498488125495
2.0000054975702883 0.01654270296998851 2.000003318182978 -0.007941087125478268 2.000082151465335 -0.09131195497455799 2.0005552153931965 0.3712109113566912 2.000076595547309 -0.013962350461816514 2.000124999509264 -0.8076158766203347 2.0050308878127576 -0.14524774331371718 2.001733406580889 0.00025289390351315315 2.0000190752964477 -2.0000876384826127 2.0001077127021873 1.2292216993990286
2.000001271075463 0.01212652052057322 2.0000432456166326 -0.027020039009494422 2.0000461798671703 0.049450987132486045 1.9593776522836015 0.7043411829124544 2.0000601846379853 -0.01431787166085272 2.000152043736441 -1.2446361542368105 2.005028090157085 -0.20860418506170608 2.0017323286575004 -0.00013043409788579885 2.0000557097722846 -0.9931739594200748 2.0001078359390814 -1.7736045406728673
2.0000415166569 0.010797552655204818 2.0000308185530127 -0.028323375402042456 2.0000063412857845 0.3921602978017769 1.9826007759286635 -2.000021195718699 2.0000456224179546 -0.014950414718867579 2.0000128842993683 -1.2989813151978433 2.005045027175912 0.20405430424431967 2.0017301946790527 -0.0005920637159251635 2.000021938908667 -0.5291377158628897 2.000171066058161 2.000272917070046
2.000028268755096 0.011234229611889825 2.000024336007106 0.02531350312361108 2.0000144371976964 0.3289342253013077 2.000003657948976 -2.000019173728252 2.0000316619226917 -0.015755198433747522 2.000193548946134 -0.8454148758480857 2.00501191838549 -2.00016514506243 2.0017300959273405 -0.0015426087029731539 2.000014220800226 -0.39397409844401426 2.0001675680512196 -1.5288343639085342
2.000016988474593 0.012418093572257236 2.000017840527905 0.07113566738853769 2.0000367035274373 -0.1659025476133403 2.000000975479249 0.9974200407871899 2.0000198256176946 -0.016670862803111683 2.0001438570214973 -0.5733440234422762 2.0056822303013138 -0.2191553636443646 2.0016967823311997 0.0008104235801556089 2.0000060754622577 -0.23445510582437293 2.0001454015681515 -1.45917050215485
2.0000068037571266 0.013644525116999089 2.0000009222350847 -0.07537314101610364 2.0000208384832603 -0.5907600133206938 2.000008357932568 0.7017293335190952 2.0000090794921843 -0.0176564458741878 2.000092062903414 -0.4021988376952284 2.0058261014836276 1.9205738770392544 2.0016870747447846 -0.00024218187373539502 2.000005371335361 -2.0000230685045355 2.0001506791063286 2.0000276905024865
2.00000850370149 0.014574216052875408 2.000005889007919 0.1284595959155369 2.0000060973556915 -1.0356997792944727 2.0000151142926343 0.4330581576744674 2.000022763842576 -0.018675235512927348 2.000046260411342 -0.2904634080293134 2.0059668317522323 1.9541356265893688 2.001672888152551 0.0005246430468013405 2.000018138789815 1.716809192267109 2.000157690891095 -2.000269012915151
2.000063835359545 0.015012572722710536 2.0000033861435735 0.3423849986321678 2.0000043580285882 0.27336685363623686 1.7854324745315548 2.0000682038802013 2.000009185761573 -0.01968594375695058 2.0000126567510312 -0.21773122421724941 2.0058299657717784 1.9786584286554552 2.0017713135521715 -0.0016495485029115508 2.0001436082685418 -1.3474399667181771 2.000132626168749 1.6449025911668218
2.000026147277276 0.01486461779699625 2.0001000510593507 0.2666931610765172 2.0009154391042494 -2.001525531050873 1.4585349880860057 0.2748537909161606 2.0001532047007715 -0.02063397577832623 2.0000737082799342 -0.17054431660215374 2.0000913940824785 -2.00164692402884 2.0017709372721497 -0.0017719407810838869 2.0000588941504076 1.732978571540055 2.000137481745502 -2.000023166812721
2.000025284691748 0.014103561126193152 2.000061044895162 0.21032208693734175 2.0003544445058554 -2.002055749796267 2.0005357410258253 2.000161925487083 2.0001080428411333 -0.02144762869259894 2.000005164793076 -0.13998497270927202 2.0072082164645506 2.001012801473653 2.0017712564030226 -0.002193364599155994 2.000230903084695 -2.000002684002875 2.0001069030340686 1.5471927790041722
2.000066124653608 0.01274557913772584 2.000025307962258 0.1677672621505857 2.000497834079346 -2.00079751229582 2.002878661357428 1.3378303264754252 2.000066740353306 -0.02203371632830414 2.000005501040024 -0.12008535822389212 2.004511098837791 -0.4505187655921332 2.001772991255885 -0.002467965547606117 2.000129644414374 1.8253268984617212 2.0000162480667756 1.6589031289896017
2.00091221436362 0.010830214087333707 2.000046858302916 0.13502488217905328 2.0008425359908713 -2.001322705580775 2.0088641139731656 0.597539753993611 2.000000898221651 -0.022270918802856834 2.000005530441058 -0.10678792690673203 2.0000051783919637 -0.6168714320897077 2.00177554695933 0.0060948101382830465 2.0001626531632497 1.9206827455387705 2.0013696041016655 1.8696147492761994
2.0000241747834524 0.008412740976573855 2.0000622360133784 0.10914286985650913 2.0011384760960174 -2.000729866143063 2.000007982000442 0.6897905841719925 2.00000105685518 -0.022007723346304447 2.000005946910793 -0.09727621518274533 2.000008620518912 -0.4941861959025683 2.0017800199445994 0.018087634665930684 2.0000210193955694 2.00037588770867 2.0000829838498966 2.0023326663894734
2.000179372556508 0.005524346763638335 2.000418103318714 0.08789166909092455 2.0000100920168618 1.2833866796263376 2.00000946677676 0.7450593762394377 2.000001130017979 -0.021059116613572407 2.000006359894845 -0.08952723850195607 2.0000047125913114 -0.39559760108325426 2.000001293114566 0.002079268288015327 2.0003229460497107 2.000001097977555 2.000007675146622 2.0000002280324978
2.000000219546409 0.002207674440120384 2.000001037000819 0.0695480867175537 2.0000367881868506 1.1139949981618726 1.9717005524186366 0.581305388574821 2.000001157947878 -0.019204581864696514 2.0000067732654845 -0.0820153728509415 2.000004739525712 -0.3160231377476837 2.000000788438524 0.0012070531090658714 2.000307359683953 0.9253172977954744 2.000052710673903 1.8893357269387372
2.0000004140423204 -0.0014015609120668299 1.9445939917233235 0.05314935121322354 2.0000162947847713 0.4719226240419528 1.9185489158209095 0.021602696616936968 2.0000063217913397 -0.016185124513851967 2.0000070790028692 -0.07351998623024623 1.9730829007034525 -0.25208382100991067 1.900747374467812 0.0006457613191991412 2.0002531483101973 0.460576971488697 2.000043227072685 -1.3835007551740006
1.7612075939884504 -0.004850829983893091 1.7662419835365644 0.03899424013653895 2.00081339674593 0.41238780117025053 2.000241000876458 -0.005109980588386109 2.0003276915833874 -0.011759114077129554 2.0001843799811443 -0.06300229934786165 1.7890770732359476 -0.20229827220919389 1.7198779960721031 0.00023552628370864735 2.000201433960065 0.8089084284356043 2.0000362074229163 -0.5119108676957352
1.593723558830808 -0.007817097191751086 1.9241258610027088 0.024079668719093134 2.000326518860838 0.3719748067600588 2.001178065993831 -0.018477556894905572 1.9887614787177323 -0.006061733053584165 2.000007270520109 -0.049472236955846835 1.6216350451411528 -0.164356012346608 1.5562249254616451 -0.0001278460995845851 2.000151876300163 0.44051119219956153 2.0000272687838945 -0.20647697402844695
1.442164133731234 -0.010288018827729901 1.4393488097224307 0.01116464824598893 2.000085711277833 0.3455638516033492 2.000005697194374 -0.024271811993374824 1.800767356480581 -4.901089669873189e-5 1.9317642444291894 -0.03273812529639405 1.469609471989627 -0.13514945083108415 1.4081467796604872 -0.0004960818887239141 2.000098072017044 0.23464200415230252 2.000021135164065 -0.05149505539236714
1.3050152994733584 -0.012294597231531262 1.2999120374064512 0.003219128764994237 1.5419069760363562 0.3078571069001351 2.000001567813521 -0.04408367183549362 1.6306514662374147 0.005548127049352471 1.8069845054827018 -0.014299588693729633 1.3317415104625334 -0.11244672580717656 1.2741589015768482 -0.0008879297704861002 2.0000455017311354 0.12469425265819788 2.0000164413756494 0.0196622558193194
1.1809070173492398 -0.013875871104090918 1.1773327897802053 -0.0033982185710671815 1.400248741886274 0.2738255317110732 2.0001860172048382 -0.048675982974353056 1.4767040084041623 0.010755318592597152 1.6413706608849679 0.0036521550658303844 1.2067776792811866 -0.0946321549121594 1.1529185893039122 -0.0013046362845498423 2.0000112679613378 0.060075886958260036 2.0000125328419514 0.04645663104233658
1.0685995100412529 -0.015075850018093024 1.066380104936292 -0.009048806884492343 1.271163981962852 0.2471021178929145 2.0000018335272087 -0.05771106165973741 1.3373782439426591 0.01556793442428918 1.491278074160754 0.020248660471388253 1.0935263328307672 -0.08052554754804021 1.043211542460579 -0.0017390652419947714 2.0002349048671135 0.027710625910398575 2.0000091789637198 0.05143610911508601
0.9669708675837196 -0.01594071652438126 0.9659444171567764 -0.01386320783754705 1.1535164681275674 0.22616133835258018 1.6864555405454473 -0.0667927606875288 1.2112755725048205 0.01996901589512729 1.355168797435306 0.03552226790575807 0.9908815986402835 -0.06925679777903304 0.9439395299042237 -0.002180911494771509 2.0001350403837677 0.010517505333230495 2.0000062543191213 0.0463357806843253
0.8750058430225075 -0.01651651663073531 0.875022072534722 -0.017940193989851236 1.046259937235619 0.2097254549695623 2.0000016144641726 -0.08233905951835145 1.0971317998326409 0.02394016921505027 1.2316605619544756 0.04944760136220359 0.8978302735696293 -0.06017868333334926 0.8541092194919961 -0.0026195411036766974 2.000041542666531 0.0016687064293643688 2.000020505860238 0.037194391667301624
0.7917857186536915 -0.016847397079902467 0.792705668930762 -0.021359275492506505 0.9484430227452042 0.19674013393080994 1.3900845304524565 -0.09919377656505066 0.9938045176486934 0.027467787880831353 1.1195150990643121 0.061983094076649405 0.8134501937348411 -0.052805947828660646 0.7728220836646307 -0.0030454128575778884 2.000017047392454 -0.0025666783845686883 2.0000148084389666 0.02705648392620773
0.7164791373555095 -0.016974361604903763 0.7181750494344098 -0.02418844456864098 0.8592077198919562 0.1863472797582641 1.2513315425253972 -0.10739813680230961 0.9002615272731846 0.03054615324471684 1.0176257307296055 0.07309452651206737 0.7369046848971136 -0.04677250724631518 0.6992652866457161 -0.003450672974978901 2.0004716859280705 -0.004278652661562425 2.0000092529538867 0.01739161953387315
0.6483338050426201 -0.016934479849550932 0.650688979379165 -0.02648877892200492 0.7777840039287476 0.17785814826379973 1.1327321794820244 -0.11465497237590055 0.8155702473251845 0.033178471471888314 0.9250047277736666 0.08276722516323547 0.6674355270411172 -0.04180125975013002 0.6327034604406425 -0.0038292864430195133 2.0000037227472354 -0.004620842622366527 2.0000054348400638 0.008839419773016869
0.5866689801283702 -0.016760472371257485 0.5895775104534213 -0.028316997778611956 0.7034823707047122 0.17072814643266676 1.024281558262417 -0.12159469602776002 0.7388880516958056 0.03537659138635726 0.8407708375491942 0.09101107417091056 0.6043556675838581 -0.03768277486400753 0.5724712825106392 -0.00417692514871763 2.0000038058496585 -0.004216687169179206 2.0000510724225573 0.0016012897501379323
0.5308686744835787 -0.01648059896384522 0.534235018783618 -0.029726710043652693 0.6356854977841851 0.16453390506415053 0.9249281001781364 -0.12788878403654905 0.6694534858178528 0.03715993493328027 0.7641373175252526 0.09786102586088377 0.5470422640814094 -0.034260316829165534 0.5179667753371496 -0.00449074346009585 2.000003664420255 -0.003420906118438189 2.000037363453243 -0.004349496575686706
0.48037549804554 -0.016118785255494286 0.4841138912845914 -0.030768862304078316 0.5738398264067138 0.15895280435455822 0.8337426794079743 -0.133275432030435 0.606578307987138 0.038554020425769546 0.6944007433279753 0.10337489751435996 0.4949302944079513 -0.03141936422375493 0.46864525573591725 -0.004769116469432581 2.000004011046629 -0.0024418087085959677 2.0000243798005135 -0.00916288550319599
0.4346850861619062 -0.015694927866564942 0.43871882420240366 -0.031491737356453164 0.5174475787450463 0.15374493551269755 0.7499048552481867 -0.1375555620337773 0.5496402995756638 0.03958884659827211 0.6309307833364708 0.10762966643651632 0.4475068184316645 -0.02908010836577103 0.42401386908130284 -0.005011382219292815 2.000004028656601 -0.001432397546179255 2.0000143961058123 -0.013060329193159505
0.39334105503151356 -0.015225319601405128 0.3976016897095015 -0.03194074213065124 0.46605951540567525 0.14873738846682275 0.6726898086668193 -0.1405875930628621 0.4980767849804472 0.04029731964539332 0.5731610515701108 0.1107170921351329 0.4043059552340918 -0.027191412380407315 0.383626650283057 -0.00521760896524003 2.0026578098512995 -0.0005492361571058082 2.0000032749988836 -0.016308157334528475
0.3559304362145641 -0.014723135915398514 0.36035692160083127 -0.03215813924432164 0.4192685833591212 0.14381071447306287 0.6014548278163032 -0.14228019758444682 0.4513788004733458 0.040713837539521326 0.5205810736275925 0.11273922902688692 0.3649047289451532 -0.025724525301513295 0.34708005933664204 -0.005388396818492583 2.0000037520466822 7.069044377958841e-5 2.0000028059300385 -0.019202557295879295
0.32207954606706735 -0.014198927483625596 0.3266173705085499 -0.03218280929389369 0.3767044907983907 0.13888739683744286 0.5356282679442946 -0.14258555935928358 0.40908585172549 0.04087309121192455 0.4727293340100264 0.11380420162330657 0.32892008948892876 -0.024664800126983216 0.31400894457121453 -0.005524716647877364 2.000139010863963 0.00022423502122125588 2.0000739562006147 -0.02207243787028172
0.29145025005467584 -0.013661075212279621 0.2960505827071814 -0.032050078410366334 0.3380291637579479 0.13392215968190388 0.4747006096710855 -0.14149586446523735 0.3707812029335797 0.04080909906320221 0.4291873231661525 0.1140224697455585 0.2960074978717471 -0.024000341837306913 0.2840828914510502 -0.005627785673978724 2.000668533672349 -0.0003416550286324294 2.000039085237396 -0.025257320257538157
0.26373658521681487 -0.013116183128413028 0.2683554632863288 -0.03179160917125413 0.30293298351467407 0.12889394622343914 0.41821494788069075 -0.13903575869617776 0.3360876455833838 0.04055446046874457 0.3895744728188708 0.11350369835326853 0.2658612239523745 -0.023708465403027054 0.25700291910262957 -0.005698977253057832 2.0000036183016863 -0.001919393891421224 2.00000300794432 -0.029120773596556602
0.2386617066768613 -0.012569405930572585 0.24325929172048608 -0.03143533552409467 0.2711316693675988 0.1237993987532684 0.3657771759476671 -0.1352567825617797 0.3046637006849681 0.040139796703219745 0.3535438591807969 0.11235425796957133 0.2382157145522684 -0.02374378937370247 0.23249849077449491 -0.005739760992377063 1.980538634404854 -0.004782378052653184 2.000002925968757 -0.03405091615626288
0.21597512625169835 -0.01202472422821886 0.22051506268399393 -0.031005424393106155 0.2423636556364316 0.11864766663811262 0.31702909225333853 -0.13021939051281253 0.27620021337046036 0.03959334375095182 0.3207785621580385 0.11067531653081986 0.21284626805145004 -0.024033791541671234 0.21032480819192348 -0.005751668111900705 1.9378867056139517 -0.009501510211752542 2.000003111549514 -0.040445922324926095
0.19545021325020923 -0.011485186599382401 0.19989912515143093 -0.030522263631518845 0.21638781617021954 0.11345635327473369 0.2723117493899416 -0.12332253320857704 0.25041730204137835 0.03894066794573633 0.29098858751643253 0.10856144361796748 0.18956672566594943 -0.024485919481715922 0.1902603630857176 -0.00573627573741642 1.8816300236761123 -0.021342041338906565 2.0004381507944258 -0.04863855835093475
0.17688192985400222 -0.01095313344423501 0.1812090881431686 -0.030002498565126795 0.1929814198576255 0.10824839696854811 0.23009683963994437 -0.11610249561065682 0.22706162555079257 0.03820448737875926 0.26390827945274375 0.10609963401064355 0.1682229552699315 -0.02500440412277818 0.17210472188872497 -0.00569520262447837 2.000040860252717 -0.03152068236995154 1.843703658335297 -0.05726752829919997
0.16008477633523296 -0.010430407406474645 0.16426195405191038 -0.029459155989677837 0.1719382528268469 0.10304968354413585 0.10914318613580033 -0.10992195323444177 0.20590393175414734 0.037404594122851326 0.23929416545634233 0.10336866580617271 0.14868324615817613 -0.0255088976060188 0.1556765217355359 -0.005630107915348882 2.0000345440803544 -0.04810597857418495 1.6706385361763139 -0.0649293650953818
0.1448909248305276 -0.009918544549961031 0.14889243419871742 -0.0289018957032201 0.15306689319330324 0.09788721363445867 0.30006534277048214 -0.1078241745480538 0.1867368502372814 0.03655788019910255 0.21692317972397746 0.10043873107027844 0.13082851784701663 -0.025946366416449384 0.1408116577028557 -0.005542684415579346 2.0001742164068754 -0.0623042143159356 1.5139553199493851 -0.07166434291845288
0.13114852417971962 -0.009418933890545439 0.13495140020362992 -0.028337412116453246 0.13618915108043728 0.09278767556672748 0.3315578668048925 -0.10868997147562552 0.16937289240797104 0.03567847138890723 0.1965912060125403 0.09737130408249309 0.11454503072278223 -0.026292761328095403 0.12736164292982116 -0.005434639206111139 1.5652341218476162 -0.07887374778350796 1.3720828432536436 -0.0775631451567138
0.11872016190671084 -0.008932932154772298 0.12230443133396623 -0.02776997669564126 0.12113869505077877 0.0877763010725941 0.2949129371586771 -0.11457894370064627 0.15364262457227268 0.034777967042196274 0.17811186949476124 0.09421923451288738 0.09972060456806764 -0.026546927223218372 0.11519212494310492 -0.005307657685691895 1.4192445149162738 -0.08239878633915089 1.2436020790159044 -0.08266430470535183
0.10748147214043643 -0.00846192537602153 0.1108304316274058 -0.02720207685088373 0.10775988560039297 0.08287592156170275 0.26132898897839524 -0.11847662349634369 0.13939298479682763 0.03386577250264574 0.1613154956403706 0.09102706414580192 0.08624377369246468 -0.026721692458684575 0.10418154312605758 -0.005163352294579544 1.2869679207037943 -0.08621940395711528 1.127232943219364 -0.08698179300445553
0.09731987971014286 -0.00800733725210716 0.10042030769211413 -0.026635081173801492 0.09590682413652184 0.07810619583268776 0.23058729339982936 -0.1206637537267123 0.12648572214338075 0.03294949701981625 0.14604814845427982 0.08783156367298842 0.07400468348318578 -0.02683603765014974 0.09421991374056478 -0.005003203223901253 1.1670770252119786 -0.09006993747426317 1.0218217520447053 -0.09052193926873439
0.0881334707750213 -0.007570593355640559 0.09097571357466908 -0.02606985375252427 0.08544260244141524 0.07348302394876922 0.20247890873676264 -0.12139341830875604 0.11479594608461632 0.03203537858157239 0.13217066559422347 0.08466247191581382 0.06289667162101642 -0.026909987234422256 0.08520773022105722 -0.004828503570163212 1.0583776415610662 -0.09373681546411058 0.9263294022655336 -0.09329324586639381
0.07982997959151562 -0.007153057433757641 0.08240787863891791 -0.025507253218085925 0.07623871444976701 0.06901817944297582 0.17680366787707466 -0.12089284275539132 0.10421078259302301 0.03112869230426135 0.1195576264698652 0.08154339813892106 0.05281787321909681 -0.02696214666137525 0.07705496764967618 -0.0046403236930768225 0.9597968103209097 -0.09705673518422078 0.839820326892764 -0.09531148168661009
0.07232588007815685 -0.0067559590147422644 0.07463653623104204 -0.024948479252268976 0.06817458081330849 0.06471918132159597 0.15336933266931127 -0.11936492405079172 0.09462813945124508 0.030234103205854564 0.10809621997104923 0.07849282581578566 0.04367253473983649 -0.027009063813561232 0.06968018142749753 -0.004439507835948708 0.8703712043757045 -0.09991258103184422 0.761452263337303 -0.09660169971704623
0.06554557036006009 -0.006380329751076921 0.0675889661316253 -0.024395260538329626 0.06113714039375933 0.060589398923902624 0.13199100359547397 -0.11698946606801189 0.08595558546368369 0.02935593653404171 0.0976850151695073 0.07552514094532711 0.035371938753496125 -0.027065543657266194 0.06300969118663881 -0.004226710739363057 0.7892360771382603 -0.10222805901626529 0.6904668522094887 -0.0971983413273496
0.05942063881071295 -0.006026960482929896 0.06119915539819811 -0.023849904282829827 0.055020476822306916 0.05662835199036527 0.11249083441087059 -0.11392418773421135 0.07810934650665463 0.028498355616482857 0.0882326723646011 0.0726516056699296 0.027834955153409568 -0.027145294238742193 0.05697684192721901 -0.004002474723861703 0.715614932245702 -0.10396173483350289 0.6261810617273823 -0.09714425345482931
0.053889201223431785 -0.005696384089182962 0.05540707345838865 -0.023315243158958936 0.049725464931373156 0.05283214830273769 0.09469803679517293 -0.1103056268997232 0.07101341703402328 0.027665453536204775 0.07965665453974044 0.06988121027238614 0.0209882849801177 -0.027261567234589466 0.05152133521052711 -0.0037673405117869957 0.6488100302753658 -0.10510097839707337 0.5679794091977067 -0.0964891978223194
0.04889530033520276 -0.005388883010392972 0.050158050569941715 -0.022794520142103675 0.045159435217119064 0.049193997683279 0.0784491099522773 -0.10625006380004451 0.06459878062331251 0.026861276784070166 0.07188200564425516 0.06722136048887489 0.014766479214152221 -0.027427665517602607 0.046588624026836764 -0.0035219790002159134 0.5881937846501062 -0.10565618647245008 0.5153069315459908 -0.09528824022687957
0.04438836060927346 -0.005104516281892935 0.04540224499169055 -0.022291247833286836 0.04123586217351937 0.045704751892774224 0.0635882124600279 -0.10185455233319511 0.058802729034843015 0.026089804590459505 0.06484025259181217 0.06467838580281925 0.009111812746063703 -0.027657306511620773 0.04212936572996075 -0.0032673261875419152 0.5332010393489328 -0.10565555105237441 0.4676628448223562 -0.09360025552665602
0.04032269266158792 -0.004843159341824599 0.04109418324028458 -0.021809070337083167 0.037874085094082625 0.04235343818889906 0.04996760025236402 -0.09719810485157585 0.053568266957087045 0.025354907366547153 0.058468467679425574 0.06225788064484973 0.003974081634580057 -0.027964876091740587 0.03809892819032546 -0.0030046991396680783 0.4833221719673897 -0.10514054775400722 0.42459482905844503 -0.09148666455726191
0.036657042843401974 -0.00460455030389672 0.03719235885007818 -0.02135164603346808 0.03499906990783387 0.03912777243823419 0.037448068427665994 -0.09234304481444197 0.048843589223607625 0.024660303501968128 0.052708504529142816 0.05996490893795832 -0.0006896256147040619 -0.028365612468059565 0.03445694494692718 -0.0027358681054929918 0.4380969340587695 -0.1041622265884059 0.38569387798494126 -0.08901043394587609
0.033354184259608864 -0.00438833798706818 0.033658877182971454 -0.020922560955159458 0.0325412197572651 0.03601465048503312 0.025899345486577637 -0.08733652375225487 0.044581618372720816 0.024009527924201458 0.04750639999383552 0.057804111285190016 -0.004915152038662552 -0.028875744547658993 0.031166915396697532 -0.002463061335415054 0.397108930926374 -0.10277829694709618 0.35058965925988983 -0.08623531971337871
0.030380545985360732 -0.004194128989129449 0.030459136288703774 -0.0205252760301831 0.03043624125133709 0.03300062216826441 0.015200395269928713 -0.08221218916565039 0.040739592350310876 0.023405920135340864 0.04281192044271672 0.055779754430835216 -0.008731482165014267 -0.029512586870705595 0.028195845729690305 -0.0021888880383672126 0.35998065387240696 -0.10105091938498556 0.3189463367320827 -0.08322531559249716
0.027705877544238196 -0.004021532955069823 0.027561536094999704 -0.020163107358582285 0.028625072483825956 0.030072351981789307 0.00523958545883811 -0.07699198192583054 0.03727869436585429 0.02285263496800135 0.03857822429009217 0.053895757281146935 -0.012160950747183518 -0.03029456880647877 0.02551392553299677 -0.0019161820797642024 0.32636900154063014 -0.09904506359204825 0.290458811058341 -0.08004426486495418
0.025302945921083543 -0.0038702066930486564 0.024937210058942023 -0.019839236650173443 0.027053877251601362 0.027217066320182184 -0.004085318879633444 -0.07168802900701757 0.03416371902774955 0.022352676427951003 0.03476161237991412 0.0521557199123748 -0.015219484401832777 -0.031241152226780238 0.02309423442538126 -0.0016477902370914592 0.29596125202898754 -0.09682727538617325 0.26484934063425936 -0.0767555956574786
0.02314726256926063 -0.0037398989212996995 0.022559774756556416 -0.019556748477024807 0.025674106717628063 0.024422981946496142 -0.012867384856183125 -0.06630457139006316 0.031362770732492024 0.021908953660774062 0.03132134187351612 0.05056297417678042 -0.017916925794423524 -0.03237257397487032 0.02091247357068195 -0.0013863455379390355 0.26847146452231624 -0.09446471408998 0.24186451412652904 -0.0734221344689234
0.021216838076476573 -0.0036304983428446006 0.020405093740995008 -0.019318691648112285 0.024442624735509337 0.021679705382497153 -0.02119102621105182 -0.06083981565039248 0.028846991849249715 0.021524358043734294 0.028219485638437774 0.04912066837357693 -0.020257489518227503 -0.033709346521234064 0.01894671848570871 -0.001134070145028685 0.24363729548286805 -0.0920243615387169 0.22127255987501282 -0.0701059413862575
0.019491962405188794 -0.003542088648057145 0.018451052407597833 -0.019128163494552115 0.02332188649813472 0.018978588991574098 -0.029132883349705832 -0.05528750112034761 0.026590319618572042 0.021201861415363663 0.025420826363245393 0.04783189480156313 -0.022240368197411084 -0.03527147579746937 0.01717719117134603 -0.0008926416106300495 0.22121721413527723 -0.0895723469791396 0.20286099289778198 -0.0668681026408904
0.01795500895300871 -0.003475015213284553 0.016677340607728606 -0.01898841805367151 0.02228015296973301 0.016313026633276353 -0.03676316956860336 -0.04963778590620025 0.024569272035692515 0.020944637389594636 0.022892781916793087 0.04669986818919674 -0.023860438178699272 -0.03707741891533029 0.015586050232605607 -0.0006631369246196284 0.20098810314906682 -0.08717336487415045 0.18643460947147006 -0.06376842617787687
0.01659026113995054 -0.0034299700191315905 0.015065239345022886 -0.018903002194213207 0.021291717111412266 0.013678669774852334 -0.04414757576219933 -0.0438766726169535 0.022762764545046017 0.02075621064981083 0.02060536553443336 0.045728165228739 -0.025108921544193356 -0.03914289566184728 0.01415719733592687 -0.0004460493889110121 0.1827432414886724 -0.08489018071174123 0.1718138325006774 -0.06086502450296751
0.01538376093748228 -0.003408104114895596 0.01359740699242565 -0.01887592809012007 0.020337114129364342 0.011073543947130228 -0.05134963541793054 -0.03798253727930548 0.021151961451641586 0.02064064350079488 0.018531191182739062 0.044921041230502036 -0.025973797506055937 -0.041479742612792664 0.012876097694410383 -0.00024135994124724339 0.16629069555334056 -0.0827832247945723 0.15883338235037003 -0.05821383331200654
0.014323179959469447 -0.0034111815379981912 0.012257658867685307 -0.018911897118734637 0.019403289410869152 0.008498046007436233 -0.058432636778183146 -0.03191782477839639 0.019720169054018 0.020602775713414095 0.016645540592976665 0.0442838505109843 -0.02643979752898573 -0.0440949950331934 0.011729611389429052 -4.863846241805306e-5 0.1514522030509323 -0.08091026563088714 0.14734120409140083 -0.05586817978678531
0.013397715969979813 -0.003441796339576324 0.011030731238385267 -0.019016601211002022 0.0184837078948167 0.0059548057242599095 -0.06545823688374487 -0.025615544196820793 0.01845278244731148 0.02064854475101928 0.014926512290521582 0.04382361523064878 -0.02648801645656235 -0.046990270281859405 0.010705830635331438 0.00013284931983871716 0.1380627412331599 -0.07932612418698237 0.1371975482557611 -0.05387853623331493
0.012598022132646375 -0.0035036879322517147 0.009902015912230396 -0.019197146937656596 0.017578411908205582 0.0034484014675986723 -0.07247723480825012 -0.018966851301058456 0.01733730626796224 0.020785432701439174 0.013355269098018482 0.04354981830729175 -0.026095515778847517 -0.05016136583433471 0.00979391466527516 0.0003040493197854699 0.12597116139521275 -0.07808231668604533 0.12827411827839041 -0.05229252478137177
0.011916185927298557 -0.003602214722541163 0.008857242435151534 -0.01946268368953811 0.0166940770246337 0.000984928466299803 -0.07951389833963936 -0.01182551876256366 0.016363484410931224 0.02102312187457482 0.011916374850693369 0.04347554965382668 -0.025235752698458062 -0.053597921724565394 0.008983907646614907 0.00046605367816147963 0.11504259802572171 -0.07722636576982368 0.12045330055678366 -0.051155056908772464
0.011345796924393086 -0.0037450927564612233 0.00788206687258962 -0.019825389408080398 0.015844185291446617 -0.0014285767143422928 -0.08656877038216561 -0.004035027281961301 0.015523601542496577 0.02137451158021106 0.01059813146251172 0.04361922925549488 -0.023881323101292932 -0.0572832188730084 0.008266513742858606 0.0006200672234073311 0.10516390862857881 -0.07680026518876829 0.11362768513861018 -0.05050824431574628
0.01088219790411407 -0.00394359917679605 0.006961487707179538 -0.02030212231053632 0.015049541463838589 -0.0037848701683045475 -0.09366902259110162 0.004564872204304746 0.01481307552927743 0.021857399326858595 0.009392635453550168 0.04400729888141223 -0.022011765592014964 -0.061194948343140564 0.007632781093514285 0.0007674050452456604 0.09625439272411125 -0.07683716357665864 0.10770031309560357 -0.05039056536411308
0.010523156227239613 -0.004214649827488699 0.006078918840164234 -0.020917411990804786 0.014339496403211452 -0.0060775113539600235 -0.10090360724187057 0.014139206813736828 0.014231584601038584 0.02249748327184201 0.008294897230075208 0.044678589364973376 -0.019632209433194346 -0.06530975745009046 0.007073595286933797 0.0009095188551350474 0.08828621945178303 -0.07735455080309143 0.10258631976931462 -0.05083503988542301
0.010270555839949416 -0.004584764149137928 0.005214504870462178 -0.02170943302181186 0.013754280261018798 -0.008302663086402167 -0.10831856828346924 0.024786177092440947 0.01378528283878034 0.023334278919725154 0.007299794735261363 0.045691732521364055 -0.01681707705173513 -0.06962003279096275 0.006578747140231329 0.0010480497724434977 0.08132245866718413 -0.07834215778152841 0.09821743598628264 -0.05186714168340407
0.010134637304351884 -0.005099224290049251 0.004341463915702751 -0.022743646241536717 0.013347620223321007 -0.010463722756747822 -0.11583536145725952 0.03642413641506326 0.013491555037394607 0.02443446684241546 0.006394847472618475 0.047138533560157334 -0.013821122910524892 -0.07419209774465181 0.0061349158535906655 0.0011848982163685116 0.07556845589433472 -0.07975840624835531 0.0945552935562083 -0.05350341452433466
0.010145376846740687 -0.005850366332207481 0.0034157274437335823 -0.024150930940935136 0.013173769561860296 -0.012588377660211798 -0.12338460721039969 0.048503622442369 0.013390933448008534 0.025928870632015988 0.005543405866311094 0.04916779100083962 -0.011426140650665056 -0.07940985907947673 0.005720243227974134 0.0013222526100570918 0.0713438883853933 -0.08162299517075944 0.09163367935641957 -0.055749439794987664
0.010396225153122659 -0.007110894832646643 0.0015551123112597168 -0.026202269108849374 0.017312465146145702 -0.011677466408240994 -0.11496124220699415 0.0637607335926232 0.013131235567754215 0.02831697542443452 0.0055862389806604915 0.051218677597123695 0.0172403908658343 -0.44128515901135545 0.005265811178982288 0.001463376909974861 0.06602045254768989 -0.0869201073361484 0.08765887886049073 -0.0629665862218168
0.025048682335733707 -0.0018305254235366983 -0.02777940351307551 -0.24804112287928023 0.5811201318774987 -0.8767499241953156 2.041597100443439 -0.07106415557785972 0.08251603545035295 0.24620318365312122 0.20244701360799405 0.43963042704918026 1.145712102777004 2.002829008996224 0.00491747129614143 0.14212244309409777 0.2889934303714585 0.05499309770013549 0.336743953657557 -0.16406331910801472
