2.0000200933228176 -1.999851957915704 2.0000000521433865 0.27486990732764865 2.0000051904082463 0.8287909121737914 2.000000011370537 -0.5631340431975311 2.000000661858356 -0.10872197816277933 2.000000052534993 0.10665576749955652 2.000000061274384 1.653216441121554 2.00000564754451 0.22463094082165286 2.0000089876738087 -1.9999141075424953 2.0000076867226686 -0.793260542490956
2.0000152473105017 -1.9998530991744226 2.0000000396417916 -0.021739920304417872 2.0000044972508215 0.28763606726979907 2.000000008469298 -0.41451405018040144 2.0000215788475177 0.07933803239059839 2.0000000489704512 0.09715177561563232 2.00000005831647 -0.06611246140512862 2.000004955802969 0.12137654857942154 1.2343009051824205 -1.999931798566693 2.0000066586359417 -0.31938100959418914
2.0000109487160804 -0.5803339427405996 2.0000000278904446 -0.3451754057552058 2.000003862080086 0.11074692550190632 2.0000000055073484 -0.3410745764273623 2.0000182479650364 -0.1496733023394262 2.0000073626802397 0.09108942074011343 2.0000000536020557 1.468582183440146 2.0000043294860137 0.0720578207812247 -0.7215305116467021 1.9999589790271617 2.000005736299231 -0.14887245375469635
2.000007565188524 -0.9825392076432492 2.0000000160833076 -0.694115543421334 2.0000032840238053 0.043705109568719314 2.0000000025765083 -0.31671132587245293 2.0000153073728426 -0.15761236293115607 2.0000000005722156 0.08820365559795204 2.000000012551827 0.05214920003542776 2.0000037624366183 0.048630382028943375 2.0000062355133417 1.9999572664927345 2.0000049004815854 -0.0892256896198337
2.000005776380763 1.7640329378638908 2.0000000037365977 -0.9604453986210686 2.000002755608874 0.03224223550857223 2.0000000908260978 -0.32203800002201977 2.000012889764422 -0.676180547513739 2.0000001143677983 0.08869316280453612 2.000000019110115 0.2196981668856155 2.0000032486368418 0.03861927169511231 2.000001598305235 1.9999541192595853 2.0000041220891798 -0.0666037763467352
2.0000035986646094 -2.000000011637769 2.00000006388913 -1.1972930116494802 2.000002270793979 0.0236648206214444 2.0000000657674524 -0.3486830448932807 2.000010012347752 1.9999171008427468 2.0000000955625317 0.09713002347806204 2.0000050057382985 0.35607498824044 2.0000000010483703 0.03559034804681987 2.0000038994270732 1.9999637546255151 2.0000034160503275 -0.062302905722961294
2.000000115268002 -1.9999251990697806 2.0000000260136663 -1.3761257630180972 2.00000182455493 0.022759978361553024 2.0000000424186037 -0.3904181176006227 2.000007711139621 -1.9999754049110159 2.000004901077918 0.11322836159467581 2.0000000815933046 0.48645119264195946 2.000000001384271 0.03645977258574742 2.000002828666177 -0.05701185154691738 2.0000027601698647 -0.06610409082033193
2.000028419940552 -1.99994979257475 2.0000001578673876 -1.4746037766821676 2.0000014124844285 0.025557241421830464 2.0000000207616635 -0.4410195492423235 2.0000056081922444 1.999915872527415 2.0000001329152086 0.13740421760026372 2.000000072802205 0.6179088767094754 2.000000000227683 0.03976652249526791 2.0000223076395036 -1.9998930506392494 2.0000021230898013 -0.06666010239319674
2.0000288463445837 1.999916740124433 2.0000000954719956 -1.3798195409726337 2.0000010304327986 0.024054088768822212 2.0000000008255148 -0.494101576948479 2.0000021199429168 1.9483212704250665 2.000000117406645 0.17112338873836766 2.0000003772216637 0.7981877814193332 2.000000000100634 0.04486959117445683 2.0000173813081394 -1.9998841699665728 2.0000015520865744 -0.06577390964885044
2.0000023217500975 1.9998958571376653 2.000001520833547 -0.9853657038706471 2.0000006747547068 0.029824494401511505 2.0000000681426355 -0.5415475961221667 2.000001981845046 1.9999383738597114 2.000003381356049 0.20633484592329507 2.0000003203596934 0.8031896836624813 2.0000010633244756 0.05157908765624797 2.000011120694926 -2.0000000608464368 2.0000010120148084 -0.0713047482418508
2.0000002707328917 1.9998839669875335 2.0000010048512515 -0.3610096670170539 2.0000003420201566 0.028215930629134713 2.0000001725201373 -0.5728362419076826 2.000027316243926 1.9999668460988755 2.000000396065636 0.2361887189976167 2.0000021876033363 0.8104906694423141 2.000000671866609 0.05997227773372 2.000004244813834 -2.000000224326822 2.0000004971335996 -0.07992581020142954
2.0000023059779646 1.9998814181698183 1.9968775835268457 -0.6225681626876651 2.0000000290969173 0.0341903746864148 2.000001088948464 -0.5747981270504045 2.000000246578579 -1.9998779705677803 2.000000368842165 0.26270273698638863 2.0000000967458815 0.8062730468996947 2.000000316972813 0.07032171148982107 2.000007644613443 -2.0012385339141567 2.0000000024379037 -0.08634811485524285
2.0000005105838192 1.2162032605143511 1.900752829243089 1.9999293317049727 2.00001780989965 0.04185683480053088 2.000000557337465 -0.5314997184597525 2.000000018250563 -2.0000026370163675 2.0000002584724172 0.2751419644841179 2.0000008252451704 0.7170510650990318 2.000012554989126 0.08305474187676345 2.000003593667953 1.1941154030957195 2.0000183250126007 -0.0942933845458693
2.0000002790681948 0.7017985598189777 2.000002610665608 2.0000008078558307 2.0000154956350884 0.0574231927300511 2.0000003494137486 -0.4280213936144928 2.0000002444865888 -2.0000004208246804 2.000000034125448 0.26301426646792664 2.0000009680916797 0.579521215004801 2.0000101005644706 0.09836066012670101 2.000002270763429 -0.017188113884604873 2.000014556665529 -0.10503897341814332
2.0000000674639824 0.4130817173384801 2.0000024677893786 2.0000006397918915 2.000013426644456 0.09234957805996608 1.8670305445561808 -0.2632569956683192 2.0000305420525373 -0.7807499413563367 2.0000003635065897 0.22202710631798975 2.0000005929776576 0.3353952431874637 2.000000000788052 0.116603366707602 2.0000005799340492 0.20789966165702958 2.0000109777355526 -0.11656030429134231
2.0000000008994685 0.2501656143940509 2.0000021548462152 0.6167178132548733 2.00000004110206 0.14944621133757485 0.3287161792615616 -0.12442787478777662 2.000024489064841 -0.5067973780846193 2.0000010193166964 0.025290292470019963 2.0000003324123106 -0.03028467327271574 2.0000056145970655 0.13830634839699835 2.0000161415080515 0.18419093135799272 2.0000000696628413 -0.12428002172461043
2.0000000011137984 0.15749964799953872 2.000001805873598 -0.05139280370213105 2.0000092570415964 0.42487078527920663 -0.6524053403471445 -0.13284633480196514 2.0000000311373163 -0.29921846936865143 1.9999808303755822 -0.728814022207754 2.0000109803282515 -0.1807563610212806 2.0000035175303252 0.16345997480148278 2.000010894823833 0.21323709723602569 2.0000043715086218 -0.13865574305391673
2.000000000020163 0.10429802508390772 2.000000045676758 -0.4175203925714532 2.0000678687705906 0.9183089359933443 2.000002187395623 0.652879955567785 2.00000002303109 -0.15589151221278538 1.743140679733656 0.0030320074028997632 2.000009484656851 -1.999456716850798 2.000001576588529 0.19288177732402492 2.0000058789552613 0.2022563211966406 2.000001237421302 -0.14981688280820113
2.000000000767308 0.07345772363830172 2.0000103314020956 -0.9587389224803156 2.000000000419856 0.6331367464807828 2.000001198200125 0.5448258439740521 2.0000000161891824 -0.05909385272930867 2.00000001876928 1.999957095449287 2.0000306991540935 -0.6403676371793493 2.0000197788122853 0.22782633445514958 2.0000010177031524 0.2459025331026712 2.000025057565322 -0.1743733612172928
2.0000047061927777 0.055426330177370524 2.0000009280659246 -0.23444608524040925 2.0000000484087614 0.46691577575625554 2.0000009545116995 0.5783867844287731 2.000000009928692 0.006260358743978762 2.0000094509255297 1.9999580021970849 2.0000058485882226 0.473912254774694 2.0000000004401977 0.267582112929364 2.0000054959165534 -0.4047039798011292 2.000016304500189 -0.1861819049989183
2.000002132641393 0.04483171137540614 2.0000006935324093 1.496231531098421 2.000000041099479 0.36796432603231105 2.000000673569633 0.645576130346633 2.000000070870687 0.046195657876300374 2.0000075323537017 0.6668089800640651 2.0000052022410713 -0.018796191324783842 2.0000000002382237 0.3107419558033685 2.00000061334886 0.2676322641591011 2.0000000227062875 -0.13232226065556735
2.000009367097108 0.03862772347998725 2.000000000139783 1.1966204673765852 2.0000000337290906 0.19018952708788742 2.000000369999193 0.6594140958872426 2.000000043602202 0.07312297897104134 2.0000058105333878 2.000000055566128 2.0000026645609843 -2.000004322648951 2.0000000000393494 0.35611600104833957 2.0000040862865474 0.21528516420428784 2.0000000301799625 -0.15987776326516048
2.0000051063377158 0.0350713089943644 2.000000328301722 0.8226867305802017 2.0000012547866053 -0.05059199522757731 2.00000764269734 0.8097999147918356 2.000000028146031 0.10124146864243183 2.0000042199535195 1.999881782024786 1.9881293665193835 -2.0000001635555775 2.0000000249676337 0.40117849779702713 2.000000043713601 0.16087740548614562 2.0000000318779145 -0.2023328618024691
2.000001233556823 0.033154755585512244 2.0000001144318493 0.5794189106490134 1.999904272114927 -0.34163031328186705 2.000005609795196 0.590467189305653 2.000000014506152 0.11176079677824449 2.000000890010153 1.9998769140255845 1.9998869382525217 -2.0000000371129296 2.000000018389556 0.44397857811874614 2.0000066535831738 0.10688937146776813 2.0000031636472753 -0.26198514648424226
2.0000044657234795 0.032288273228470485 2.000003393075351 0.4222609605600941 2.000070202804698 -1.1887781558246 2.000001379370297 2.000004122930037 2.0000006301040383 0.07039315424135847 2.0000038169307555 -0.7267860859379899 2.00000952182707 -2.000020606203545 2.0000000126435955 0.47990310152255566 2.000000021314244 0.0663073748662102 2.000000076796554 -0.34866346962252465
2.0000000000597624 0.03212158678142175 2.0000021739027316 0.3195609506538929 2.000000003486603 -1.492304909850154 2.0000008449687074 2.000000134203393 2.0000016027547662 -0.06441024909335803 2.0000062798516005 -1.9999908441965764 2.0000848462649947 -0.46830798497559495 2.0000000076357187 0.5046913413780465 2.0000150868497264 0.03983995510924795 2.0000000638239093 -0.507875666505102
2.0000000003791443 0.03244210029553773 2.000001103690294 0.2518943349510446 2.0000718357599756 -0.9879061979443281 2.0000001409201995 0.9549865337248661 2.0000026236081077 -0.3221396176838775 1.8803220729931323 -2.000005320426961 2.00045069889553 0.34113095102507884 2.0000000032875627 0.5081264601851343 2.0000049559370283 0.02009850178141934 2.0000000152237996 -0.22925718863087843
1.9999911704566602 0.033115682608764255 2.00000015881363 0.20720820088755487 2.0000708896482178 -0.8768820808780031 2.0000057983576514 -0.04948164355825514 2.0000004093499055 -0.5423911797027015 1.8034312751179489 -1.999968915711906 1.9999903178129754 0.9335989424791986 1.999984147204107 0.4903914378245275 2.0000033012325313 0.008166602572934714 2.0000178773964925 -1.7589076123460774
1.999986607053591 0.03405167509662901 2.0000050764317554 0.17790911147139657 2.0000017090961415 -0.8067681781113341 2.001712901967836 0.31240809645338913 2.000000167536032 -0.5529685590553536 2.000001372774034 -1.999961475663622 2.000270729422034 0.04030760203243075 2.0000000122343353 0.43788662604587136 1.9999924813514307 0.005449287043650542 2.0002678613344527 -1.3768522067834363
2.0000000000443174 0.03518127591965462 2.000003790823069 0.15912555411149118 2.0000041373265867 -0.7692841779812614 2.0000012861222496 -0.03517965118192295 2.0000001227334834 -0.3969328916633358 2.0000002063122126 -1.9999514451499318 2.000000388401329 -0.3157486737868872 2.000000003266812 0.34617474242183205 1.9999821554515613 0.009168879299388493 2.000563081929825 1.999981598103231
1.9999788018344424 0.036443446966783886 2.0000000000018905 0.14766241289493398 1.9999987793158593 -0.411681970607391 2.0000013402158587 0.16433644430552571 2.000002584832459 -0.16170272106841654 2.0000029000357817 -1.6142458002198734 2.000000012599348 0.4533451984196605 1.6799267442390649 0.2259931072706488 1.999972119779817 0.03407861109855314 1.9998018751248985 1.9999832864750169
1.9999754333750597 0.03777523067238609 1.9999926652103042 0.141364092594429 2.000000342859849 -0.02369998537364485 2.0000015200455956 0.369895859849684 2.0000052246186395 0.1166672419724608 2.000005215765566 -0.9967856811004051 2.000000087181202 0.24428584483212507 1.4557232982223376 0.10879774842748799 1.9999622267282489 0.035643779113572346 2.00000077032404 0.3067906743595464
1.9999724087858464 0.039105385830017755 1.9999879740222666 0.13874262338156704 2.0000000069670474 0.05007138552180531 2.000000017593196 0.36574121450568253 2.000001580783597 0.06769402509085855 2.000014033867205 -0.6052079796349573 2.000000013571253 0.03013697873869983 1.2295337631684709 -0.03715159365259579 1.999951843139748 0.17821110202532384 2.000000098680066 0.23730783885967813
1.9999696352876102 0.04034891048169453 1.9999837807926706 0.13870648437743102 2.0000005417859956 -0.15293976591736627 2.0000000357421857 0.16020289451317032 1.9999910173658695 0.6230426591400429 2.000048026610035 -0.9478628623524111 2.0000000574360586 -0.25317755074057036 0.9665491218724109 -0.15107831348580958 1.999942078057166 -0.13508308822343518 2.000005376746548 0.30522001816278876
1.9999670843997293 0.04140229481130562 1.9999800272053623 0.14040971846865166 2.0000141830190636 -0.2949242985489051 2.0000000630648778 -0.07124532133560274 1.9999871559824658 0.5080251085967518 2.000000000098322 -0.7428989426969066 2.000000136133721 -0.6948778684964878 1.050408648682532 -0.10562241447016518 1.9999253832810826 1.5523069599405375 2.000002217154675 0.5473519289566064
1.9999647298286085 0.04213999675832563 1.9999766690514356 0.14317675047539138 2.000000031308156 -0.3427212790020424 2.000001324951071 0.31349371596557346 1.9999830601680673 0.3755069729766949 2.0000000001561338 -0.5304622025286662 2.0000031730709757 -1.4174443413285898 2.000006815433176 -0.6910806645219796 1.9999169690491518 -1.9383636218041587 2.000000044905446 0.9762621201004633
1.9999625373277863 0.04241139943607358 1.9999736632057425 0.1464078103783522 1.999972233936327 -0.19119009770161557 2.0000062065446196 -0.3473221331237242 1.999979260268526 0.28222350165035254 1.9999999999914915 -0.3847570197267092 2.0000000300384078 -1.3148210855397608 0.902274465693214 -0.9221389453062296 1.999929635384993 -2.0009795186520267 2.0000101453381514 1.5558461261493433
2.0000000000003166 0.04203799438807716 1.9999709860346215 0.1495394939153984 1.9999692649024499 -0.13600510181361442 2.0000000921771535 -0.4612014736912694 1.9999757601099666 0.2160252572297016 1.9999812105830725 -0.28394727772944856 2.0000004389220045 -0.9376831992656269 0.7710157628969581 -1.1855727410019574 1.999920548905442 2.0000005737639865 2.000000000444314 1.3713394567229864
1.9999589812366507 0.04081062539601017 1.9999685850621542 0.1520087751221047 2.000000000397165 -0.09418798877584562 1.9999985928388497 1.9999563404099108 2.0000000000189355 0.16828194112808867 2.000000000426212 -0.21331324879270805 2.000000183864358 -0.68016251071802 2.0000044916940087 -1.348567477434066 1.9998848691130304 2.0000798791042387 2.0000000007044365 0.7826524637895144
2.000000000217534 0.038486613716330685 1.9999664719366996 0.15322499274392282 2.000000000394261 -0.060232930663813695 1.9088678540146724 1.9999887894629509 1.9999699094638124 0.13287560645768648 1.999972876393821 -0.16285153951322315 2.0000039615354352 -0.5039362605489368 2.000000362011199 -0.4726912998042938 2.00000000049983 2.000791211163202 2.0000000007722867 0.45195481376669033
1.999956689700901 0.034757813068804044 1.9999645699674606 0.1525445091322527 2.0000000004154725 -0.03259984053904462 -1.999950256628482 1.9999894928773145 2.000000079760162 0.10597592187902702 2.0000000001779656 -0.12565711865148738 2.00000283468427 -0.3823820336433618 2.0000001536712757 -0.6554928192660942 2.0000029151029124 1.4870137785797144 2.0000000003013696 0.26126311308976585
1.9999553085423827 0.029362924491844612 1.9999628814922916 0.14923834047722956 1.999961077633096 -0.009281456106873993 -2.0000000223969034 2.0002863222839244 1.8465616604221085 0.08553532786542208 2.0000000418311936 -0.09685229142104748 2.0000000002777703 -0.2974825732890052 2.000000057538256 -1.2052992398839428 2.000001080401332 0.8820253926198602 2.000003373642961 0.15086241144145995
1.8753187374674558 0.023056078837581696 1.9999611104508028 0.1425848515832954 1.8349647868553527 0.012085812557943556 -2.0000030928236963 -1.453422059540511 1.67235812380232 0.06974072162762625 2.0000000408681182 -0.07288113213396478 2.0000000001402003 -0.23696562759654505 2.0000119346373904 -1.821054784860785 2.000019344274572 0.5208232065266948 2.000002947756158 0.08669531890244578
1.6986439772385236 0.016810877345367434 1.9233037652329836 0.1330922248226402 1.6636169307877429 0.030326709237282045 2.0000000041233394 -2.0000000039207957 1.5145877331062525 0.05682402407023215 2.0000000410665626 -0.05104673881071044 2.000000000348929 -0.1923389247368995 2.000000037697472 -1.6009194367002035 2.0000131417330067 0.3064436563950673 2.000002556130302 0.04930781976101875
1.5387770269767964 0.010879608808756252 1.7450852291596124 0.12245511517755978 1.5083136543852917 0.04600983798210711 2.0000002477875314 -2.000078151612633 1.3717373335166096 0.04585824942824373 1.9999601503570499 -0.029192252421326757 2.000000000234409 -0.157577731413976 2.0000000120103216 -1.2262410144249638 2.0000066922152175 0.17842298286585923 2.0000022047881103 0.027532872001437187
1.3941097304577872 0.00528008725219902 1.584060398922025 0.11186269699823839 1.3675063994161916 0.05965661007044973 2.000000221612596 -1.5798383246718122 1.2424060100826892 0.036312520290835947 1.9999586043931397 -0.005796160813943792 2.0000000001506373 -0.12825945128472238 1.9999799908305202 -0.9419631463970493 2.0000000003206106 0.10403198683585416 2.0000000000731055 0.014919579307466634
1.2631878701232186 4.6261065205174284e-5 1.4385659197881695 0.10136615020070534 1.2397878608784982 0.07156908856818332 2.000000189813748 -1.2498328699748011 1.125312130535309 0.027886454857634458 2.000000048036903 0.01875984667806049 2.0000000001263785 -0.10099691650278451 1.9999774793545688 -0.721791481855484 2.000000001439068 0.06109536314578157 2.000000000295483 0.007715389365925356
1.1446970201096855 -0.004785460122011312 1.3070951627550462 0.09105692202257862 1.123886642396536 0.0819229223218344 2.000000018233776 -0.9937156830102903 1.0192906678505491 0.020410989514321437 1.7586065899044963 0.041963257187580524 2.0000000001765486 -0.07306885911062704 1.9999751170016973 -0.5455379067018334 2.000000002407154 0.03753477395634902 2.0000012894119523 0.0037217387558442913
1.037449513482462 -0.00918407168451359 1.1882855976167546 0.08103729900876086 1.018658796269942 0.09082480552196545 1.9999725964578763 -0.787060843505654 0.9232862402337968 0.013789281660355519 1.5973652650558787 0.06267318072318355 2.000000000254399 -0.04223476740571059 1.9999730207236286 -0.40046090584300087 2.0000000041225476 0.026077651542963716 2.0000010308797593 0.0016410937337424574
0.9403724583314657 -0.013128017387266797 1.080906588526711 0.07140285474688726 0.9230778784370264 0.09834766897013193 2.000000068982425 -0.6126998085398947 0.8363444867630091 0.00796195279184521 1.450956084504495 0.08139850899018394 1.879229469742499 -0.01024196994857223 1.9030690742689804 -0.27987328362696345 2.0000000037632133 0.022297521125084152 2.000000000342465 0.000700865067016757
0.8524967455709265 -0.016606726337941472 0.9838476678517627 0.06223278942337577 0.8362244252480701 0.10455166725273504 1.9349707159896234 -0.4561372403804589 0.7576030580733529 0.0028871263624181006 1.3178832675126737 0.09830652283177674 1.714445944489815 0.019766525549889283 1.7566544202823335 -0.18138343087062783 2.0000000033706113 0.023153804423514217 2.000000576047006 0.0004343991406202124
0.7729469976949146 -0.019620546722422146 0.8961073530615906 0.053585527347930664 0.757275410941783 0.10949603092236265 1.6460608887333732 -0.3198427812596448 0.686282845366639 -0.0014706195864885759 1.1968061313945193 0.1134610719558328 1.5647758842034605 0.04703876040495518 1.6182509186080702 -0.10108739565349338 2.000000028754113 0.027099222723645632 2.0000003194081684 0.0005511546342162222
0.7009324105045429 -0.022179706336937263 0.8167825807831418 0.045497765973735935 0.6854940578929988 0.11324505115795672 1.496589934617777 -0.20327533945664164 0.6216797392826119 -0.005146068065365131 1.0865297757107601 0.1268778897143851 1.4286134780031134 0.0720533455727662 1.4896659463000352 -0.03424311925644223 2.000000022958899 0.03272341225785435 2.0000001525283144 0.0008593569711419942
0.6357384394528195 -0.024302739812386 0.7450588312828563 0.03798571118932855 0.6202202537236636 0.11587034643999042 1.3555052971730102 -0.09393740052335957 0.5631570382090808 -0.00817629312239906 0.9859936979998443 0.13855842052054912 1.3045038037900434 0.0950346003604151 1.37218339758294 0.023253485350959672 2.000000017621647 0.0389260785131768 2.000000001574924 0.0012171442575231101
0.5767192798588087 -0.026014686443890937 0.6802010053262222 0.03104760888134651 0.5608617414067469 0.11745084774940119 1.2210725926981438 0.01108982978790595 0.510138536785524 -0.010602205408445472 0.8942592555465849 0.1485096490314529 1.1911460150137168 0.11606324874251085 1.2592464343480276 0.0730696667295982 2.000000012699968 0.04462235171684969 2.000004646616134 0.0015001472942122649
0.5232910868584955 -0.027345265064292485 0.6215450973460513 0.02466695398272128 0.5068861750907913 0.11807147397445868 1.090424626673273 0.11339198515229686 0.4621022840485136 -0.012469617288644272 0.8104966732268414 0.15675471886310646 1.0873896738868247 0.1351458747690746 1.1575339388529526 0.11665339054546894 2.000000008134791 0.04854425703484393 2.0000034909095787 0.0015806734920421237
0.47492587743768977 -0.028327163708701104 0.5684906883667977 0.01881595817718929 0.45781407014722625 0.11782116101429105 0.9606034657043339 0.21350175260613086 0.4185749902447159 -0.013830207812439432 0.7339721622696912 0.16333749785373972 0.9922266326921432 0.1522584766441045 1.0574251298064785 0.15437055263097998 2.000000036116284 0.049023127603110866 2.000002445519082 0.001312838320567431
0.4311460539195224 -0.028994534190422687 0.5204942621378431 0.01345900360812841 0.4132126200846299 0.11679069971784906 0.8284925800499512 0.31115609420538726 0.37912707153526726 -0.014742223498280463 0.6640355994882944 0.1683232251426439 0.9047799714153171 0.16737338298615548 0.9666510903180264 0.18607014641959313 2.0000000241271803 0.04368680089022842 2.0000014160134 0.0005211687415286829
0.3915194864592101 -0.029381747676239637 0.47706332929947887 0.00855591145465368 0.37269030737826564 0.11507069125182907 0.6908704409920412 0.40538772282825275 0.34336833907042486 -0.015270236451159316 0.6001091039437352 0.17179671210701428 0.8242911004693565 0.18047526075466708 0.881805070102811 0.213279899549755 2.000000013113476 0.02901613760439839 2.0000005807046923 -0.0010045116824648134
0.35565509221944164 -0.029522439699610766 0.43775132594967747 0.004064916089199913 0.33589220381456025 0.11274981690535958 0.5444518433093274 0.4944870790487768 0.31094434035785384 -0.015483053345520647 0.5416767377715985 0.17385912446914498 0.7501059307506667 0.19156984186316783 0.8023913847392458 0.23632046667594137 2.000000022648484 -0.0002588927698214791 2.0000033108021027 -0.0035127592002255504
0.3231988519242044 -0.02944884633104664 0.4021532324762631 -5.473722382649747e-5 0.30249584328669676 0.10991352499069304 0.38611372089111384 0.5758213826011114 0.2815333195741955 -0.015449303552975963 0.48827545495108315 0.17462406574350098 0.6816608714507715 0.20068772471511964 0.7279991267421945 0.25544794859939574 2.0000000071843456 -0.05172178935362643 2.0000011469022385 -0.007293994791949543
0.2938302109413572 -0.02919140581409979 0.3699018348903371 -0.003840650692558371 0.2722075589518733 0.10664315258678107 0.07463279810191366 0.6398188595503138 0.2548436721263358 -0.015231472536854461 0.4394873313493814 0.17421346426250736 0.6184692871237693 0.2078848318648818 0.6582929580029447 0.2708861169611349 2.000000014152288 -0.16949248172201622 2.0000008933161073 -0.012678584701613333
0.2672588213408724 -0.02877857497952948 0.34066452682188714 -0.007325672815993946 0.24475920519608732 0.10301542691686784 -1.999893266121974 0.6399003439427596 0.23061166987687426 -0.01488062325113426 0.39493303516535777 0.17275360737480253 0.5601089119481194 0.21324062960051576 0.5930012472015261 0.2828472590207049 2.0000006074793744 -0.6114733719607996 2.000000279741241 -0.02002757628513713
0.2432215916859331 -0.028236793320671638 0.3141405332365962 -0.01053691138014673 0.21990522429306947 0.09910223996199229 -1.03769441816794 0.17057267741923726 0.2085992152861341 -0.014434497740898423 0.35426644093030624 0.17037154798075213 0.5062105787267036 0.2168549202025303 0.5319032979279619 0.29154486077327285 2.0000095555892132 -0.27872628958605505 1.9999953950737326 -0.029704346574949605
0.22148002019552504 -0.027590525058601562 0.29005843604304754 -0.01349539103201311 0.19742005464961104 0.09497057055493345 0.9177259078459297 0.6450598383435282 0.1885915066258121 -0.013920165529890366 0.3171702530635166 0.16719201804814773 0.45644847738234445 0.21884382809974395 0.47481686080563845 0.2972003969016299 1.9999697167540318 -0.46472983530711776 1.9414343056495533 -0.04136383747470742
0.2018177924299216 -0.02686232157837106 0.268173901630428 -0.016216311316248688 0.1770958993864883 0.0906824431833039 0.924024687867242 0.5242445592477185 0.17039470938420062 -0.013359640880831653 0.28335248599294593 0.1633349134322343 0.41053201965664726 0.21933546940928283 0.42158672356265486 0.30004589613349525 1.9999672281196281 -0.37631509136486896 1.7591238894371033 -0.053226673846332166
0.18403862623385941 -0.026072868506120755 0.24826754551839697 -0.01870977949617007 0.15874087437352533 0.08629485343681292 0.9158130983072665 0.41416669705534875 0.15383388832983663 -0.012775140142259077 0.2525436451598437 0.15891335992875782 0.36819926158700134 0.21846569021564013 0.37207486487054164 0.30032355796333127 1.8594980584119893 -0.3120241368041319 1.5940232611082112 -0.06409626821595518
0.16796434522527326 -0.02524100554198439 0.23014290583927013 -0.020981837646763 0.14217753621415227 0.08185963992470735 0.8966781831032672 0.3144119615386907 0.13875145628535682 -0.012191221362191702 0.22449446348976668 0.15403233021205404 0.3292117317199649 0.21637416426921288 0.326152413529738 0.29828342181329587 1.6886598762460063 -0.26673062648232937 1.4444586730598479 -0.07403041226917402
0.1534331594791565 -0.02438372584770859 0.21362452187866177 -0.023035596483848328 0.1272417621179689 0.07742332472169715 0.8693041395791855 0.22433465325592553 0.1250062249760888 -0.011633068936121637 0.19897406636388085 0.14878775464617713 0.29335043936313626 0.2132010465322804 0.2836934638024755 0.29417987921382577 1.5322125195723943 -0.23427848008983307 1.3089199038070232 -0.08302530148162997
0.14029813009237477 -0.02351617168698029 0.19855612191250255 -0.024872324715009046 0.11378192574124142 0.07302696859518039 0.835691470144383 0.143232728929421 0.1124728509512591 -0.011122113955056178 0.1757684593295221 0.14326605520856556 0.2604128004440034 0.209084283767218 0.24457065666125283 0.28826764478875294 1.3895364143962532 -0.21060327700831438 1.1860472400784885 -0.0910518778318721
0.12842579398967321 -0.022651644325331732 0.18479892122972955 -0.026492399419973285 0.10165829374629495 0.0687060917168969 0.7973410896600761 0.07043789603544275 0.10104120363232134 -0.010671235517929346 0.15467925214737094 0.1375440287814485 0.2302102218826025 0.2041575922680487 0.20865234249527664 0.2807976500925023 1.259757318069858 -0.19296095892020454 1.0746186493289478 -0.09807793435071438
0.11769492665877711 -0.02180164158322422 0.17223002474370844 -0.02789607653798714 0.09074256038397303 0.06449069998871196 0.7553981858244988 0.005353670240754161 0.090615136265778 -0.010281750669212733 0.13552254808005748 0.13168900995157465 0.20256612548897676 0.19854903555713627 0.17580108823332938 0.2720131923055273 1.1419124489247063 -0.17948030310001373 0.9735372747012846 -0.10408088947236305
0.10799542305453855 -0.020975929328662508 0.16074092408964555 -0.02908407866263717 0.08091744143462253 0.060405438699114605 0.7107591330139623 -0.05253634966599828 0.08111037646203673 -0.009943498291659972 0.11812793930363368 0.1257592496571555 0.17731425817663576 0.19238008212364419 0.1458732728079243 0.2621465580672621 1.0350339935798119 -0.16887524012019617 0.8818193772299151 -0.1090543640453429
0.0992272801106958 -0.02018264639501454 0.1502360777061001 -0.030058018596190776 0.07207626183852632 0.05646987548798154 0.6641477760077131 -0.10367573756376353 0.07245166501472762 -0.009638112955476317 0.10233756049806007 0.1198044511850238 0.15429720943093575 0.1857650023396804 0.11871951950797735 0.2514162521656335 0.9381903724474969 -0.1602574888938667 0.7985828530927703 -0.11301065788555976
0.09129966759589313 -0.01942843749711415 0.14063156379883812 -0.030820684893990154 0.0641224900403358 0.05269889797952348 0.6161678027006995 -0.14844923838015486 0.06456967339896107 -0.009344431750499128 0.08800516517679846 0.11386640839460038 0.13336512069979664 0.17881047464341124 0.09418573245978452 0.24002489056743126 0.850505488703301 -0.15301277114487172 0.72303644571909 -0.11598058025257431
0.08413007704546926 -0.01871860614808463 0.13185380021156973 -0.03137621423687489 0.056969193196890484 0.049103200202010915 0.5673372809645512 -0.187198282855476 0.05739840502158243 -0.009044124297238304 0.074995203133312 0.10797969426913416 0.11437461054659159 0.17161530591021987 0.07211453000339314 0.22815776465960713 0.7711663617524825 -0.14671784995433299 0.6544697495753253 -0.11801166534393878
0.07764354094819223 -0.01805727910797336 0.12383833169586257 -0.03173016944497113 0.05053840805246557 0.04568982649786939 0.5181104807483939 -0.22023510133373086 0.05087358174907067 -0.008725557809242394 0.06318189032803878 0.10217235338379053 0.09718794908128453 0.16427021613518802 0.052346896100691716 0.21598204506895838 0.6994246292987203 -0.1410841536901443 0.5922440677488845 -0.11916551051666849
0.07177191616148203 -0.017447574973404403 0.1165286922601326 -0.03188953578547975 0.04476044022042917 0.04246274115223905 0.4688911134894802 -0.24785404750945125 0.044932029059682715 -0.008384871650605722 0.05244827189282226 0.09646656099339586 0.08167250030134401 0.1568576790522366 0.034723900759319665 0.20364656603051595 0.6345948790600604 -0.13591894480191957 0.5357841446022741 -0.11951476381237132
0.0664532267433995 -0.016891771507410554 0.10987535568212696 -0.031862645182299594 0.03957311830557159 0.039423394797203304 0.42004017026370166 -0.27033976372983914 0.03951164347031596 -0.00802466518162544 0.042685283293052295 0.09087922379172576 0.06770042294331312 0.1494518382551993 0.019088371442649802 0.19128211314808194 0.5760514471896252 -0.13109818933737624 0.484570753453428 -0.1191401308812015
0.061631062202497935 -0.016391468587404204 0.10383478888537774 -0.03165903883732075 0.03492103783281892 0.03657126307248164 0.3718806495605382 -0.2879724645594402 0.034551435493360816 -0.007651590968324404 0.03379081464367377 0.08542251156938961 0.05514859180421379 0.14211852946874273 0.00528642878759508 0.1790021275934167 0.5232246117484262 -0.126547273889877 0.438134082480982 -0.11812765167521919
0.05725402760830434 -0.01594774578690934 0.09836862029830203 -0.03128928221462185 0.030754832693973305 0.03390433787826937 0.32470066496649486 -0.301030950927941 0.02999133839435309 -0.007274072908631684 0.02566878048068326 0.08010432391700362 0.043898681260489306 0.13491543646662726 -0.006831170052753842 0.16690373747688333 0.47559672231220385 -0.12222698378851717 0.3960478339050015 -0.11656640218333547
0.053275242160000603 -0.015561315428207975 0.09344292978377555 -0.030764749922023715 0.02703050840024958 0.031419556470225055 0.27875575541976355 -0.3097940467149012 0.025771700382175793 -0.006900744281874496 0.018228193573434925 0.07492871201309288 0.033837344382416444 0.12789239660918023 -0.017407910635198993 0.15506903086462373 0.43269858852512544 -0.11812298980416575 0.3579239344179827 -0.11454669918165666
0.0496518829431649 -0.015232673422417931 0.0890276603913082 -0.030097399774135655 0.02370886202089126 0.02911315884329348 0.23427072605395194 -0.31454103716282833 0.02183247007112337 -0.00653962235910574 0.011382237365968807 0.06989629423170708 0.024856423202011556 0.12109185817219735 -0.026580631964752625 0.14356649253405593 0.3941063201232636 -0.11423765810895933 0.32340774870223354 -0.11215882550217594
0.04634477076963808 -0.01496225153032596 0.08509614719660721 -0.029299554384706657 0.02075499956653675 0.026980969618712998 0.19144104611059887 -0.31555145936897416 0.018112051875248746 -0.006197766056286388 0.005047327492017236 0.06500472922449128 0.016853134138444362 0.11454947990116748 -0.0344788623778737 0.13245253532291618 0.35943872534166205 -0.11058338631574326 0.2921736893417638 -0.1094922535055121
0.0433179949848868 -0.014750576191117559 0.0816247565412916 -0.02838370519295771 0.01813794510733436 0.025018606864906808 0.15043371546201417 -0.3131043240563672 0.01454572347253571 -0.005881139025829957 -0.0008578510947222417 0.06024934666251918 0.009730182503296238 0.10829485547443421 -0.0412243644532847 0.1217730637841385 0.3283553106289931 -0.10717691625254885 0.2639211199684284 -0.1066353301396211
0.0405385734622057 -0.014598441275724726 0.07859263135166931 -0.027362348597976423 0.015830319916030608 0.02322162625207015 0.11138756082583785 -0.3074765957685082 0.011063412456883083 -0.005594466683997907 -0.00641334652912383 0.0556240926135763 0.00339576729172305 0.10235234167896515 -0.046930867386820355 0.11156500938859346 0.3005548692069144 -0.10403420639104946 0.23837044916262473 -0.10367539907477974
0.03797614168717068 -0.014507105764228685 0.07598154628753054 -0.02624785756303019 0.013808056658299013 0.021585613788682453 0.07441313622090834 -0.29894057332160867 0.007586515618730881 -0.005340922420599028 -0.011698990985631137 0.05112303839744977 -0.0022365608507312145 0.09674196770412902 -0.05170396207845363 0.1018577686154424 0.2757745908220178 -0.10116549836012097 0.21525930976158755 -0.10069936786477547
0.035602658859622695 -0.014478533685206083 0.0737758925533089 -0.025052384953915555 0.012050104407353275 0.020106243631232746 0.0395928637310259 -0.2877597704783765 0.004023272648536964 -0.0051214552157904285 -0.01679548108510215 0.04674285571060777 -0.007248231688205109 0.09148040215392081 -0.05564112992073075 0.09267445299399521 0.25378956524526114 -0.09857023112869216 0.19433871750267476 -0.09779476890838963
0.0333921052849513 -0.014515705143237087 0.07196284072123119 -0.023787786598320048 0.010538076432990921 0.018779319167692026 0.006982957152137262 -0.2741832255024614 0.0002619133965836443 -0.0049334450039507545 -0.02178538692609314 0.042486926573809966 -0.011716236554035805 0.08658195246159593 -0.05883186487898056 0.0840328191122359 0.23441248648297788 -0.09623149213981466 0.17536911499702765 -0.09505139938312941
0.031320116061619455 -0.014623048889552393 0.07053277946466759 -0.02246554147711016 0.009255797314549435 0.017600816307140943 -0.023379882024353694 -0.25843943016590537 -0.0038397191468084713 -0.004768076718778324 -0.02675379621210319 0.03837221429619801 -0.015714045950451266 0.08205956779463637 -0.06135781802745117 0.07594569003568576 0.2174932885914098 -0.09410979918760905 0.15811624023418241 -0.09256365453541653
0.029363435359826027 -0.014807089354237279 0.06948021550500394 -0.021096632849296137 0.008188723335113685 0.016566948630797367 -0.051462652599219325 -0.24073410256325584 -0.008470299772084189 -0.00460519174357105 -0.0317879526700355 0.03444072997836162 -0.019312995754804933 0.07792581416882516 -0.06329282154771454 0.06842064312464478 0.2029183340919427 -0.09213629287382913 0.1423468154601391 -0.090433713415421
0.027498951163212187 -0.015077488049656017 0.06880548031201632 -0.019691340482765784 0.007323241852850823 0.01567427655165625 -0.07720833990357139 -0.2212605164787363 -0.01389086121212503 -0.004402998908100089 -0.03697496924082651 0.03077812333365112 -0.022584342088349252 0.07419380281536975 -0.06470249725669837 0.06145886401165076 0.19060859573305317 -0.09020616065633962 0.1278242279359006 -0.08877579661179617
0.025701813121244577 -0.015448845585756828 0.06851790417183316 -0.01825889044348453 0.006645890340061375 0.014919891416889933 -0.10051027896068893 -0.20022598559894778 -0.020477614884153957 -0.0040768948974089485 -0.0423977420648411 0.0275412068584692 -0.025602284641676985 0.07087812592588251 -0.06564287981331712 0.05505378826449631 0.18051606283134577 -0.0881747333567227 0.114305515767835 -0.08772127147646556
0.023941585408848158 -0.015944049611220347 0.06864181104448616 -0.01680691992004115 0.0061425383755673345 0.014301733303563062 -0.12125473742236505 -0.177831415133403 -0.02879570217092807 -0.003454095803871584 -0.048134729293237 0.024991193340886567 -0.028448399211016134 0.0679961323644049 -0.06615710888287271 0.04919262230228154 0.1726176990726831 -0.08586121065964937 0.10154707504325716 -0.08742026382427101
0.02217411896141939 -0.016600955508545567 0.0692284494073736 -0.015340680601740743 0.0057974684920761394 0.013819187245718036 -0.13944257377400177 -0.15403320772970647 -0.03973210698414053 -0.002171177132518864 -0.05428151613111622 0.023521411324504592 -0.031218124128891814 0.0655707824585833 -0.06626906906469174 0.04387069232747656 0.1669075213503187 -0.08306626305034705 0.08934932421473119 -0.08801684830493323
0.02032352819595983 -0.017486805950591357 0.07038225936146501 -0.013861512057502348 0.005591893432207215 0.013474371657153213 -0.15496148531146126 -0.12822771997889434 -0.05474900120559997 0.0005747370183762752 -0.06102052720534429 0.023680638959613757 -0.03403038498025177 0.06363898649827289 -0.06597379868554397 0.03914519376490299 0.1633909261157901 -0.07960362358846387 0.07772330086057605 -0.08952455918206818
0.018238325064272032 -0.018732743831865878 0.07232933095753377 -0.012361733009448447 0.005500121840375684 0.013275249185894207 -0.1667365224160996 -0.09960803652538687 -0.07640483176229299 0.006696227321848144 -0.06874769209722442 0.026274830006935278 -0.03704313432313954 0.06227677183697684 -0.06522791593319133 0.03529168665176836 0.16209216928132048 -0.07532739695498994 0.06727023934586558 -0.09148772534901627
0.01556386209303481 -0.020631407678815643 0.07565423638550464 -0.01079258185614145 0.005476695057768824 0.01324227286015742 -0.1718908926212858 -0.06655796802801386 -0.10957256050682529 0.021322169581343274 -0.07826657318221007 0.03281437071251339 -0.04048460427884536 0.061676255250888344 -0.06395695396350325 0.033127786490159565 0.16310300328554075 -0.07012888817783683 0.05947572520458779 -0.0925225918727658
0.011216929079365492 -0.02401639028776775 -0.4568249061115641 0.49290034572571734 0.0054050760075618235 0.013414934693576984 -0.15890394369826696 -0.02047745804931269 -0.1653196972135663 0.06138967516555774 -0.09141968501264294 0.047153524128113855 -0.044738195589526776 0.062425258568493354 -0.06256590214182908 0.03299913115510813 0.16683102930903437 -0.06399989432975588 0.055705579038367904 -0.09012988438518775
-0.375371345391839 -0.09803013029830185 1.122383212554364 -1.999934706810931 -0.11201438098851595 -0.16554829344576188 0.0015543188670340765 0.27751294691928385 -0.6711740760561486 0.23959864063951322 -0.22200508332213165 0.048116222156641714 -0.08676601071132063 -0.10023003749416251 0.06062300557835377 -0.26314322594975564 1.0076066821279757 -0.04931602623151603 0.003755378907097874 -0.01918683978209334
0.6807123142926158 -0.8979179570454799 -1.9999368447299843 -1.9999473623373532 0.5063830283503713 0.0979754954060128 1.6163637859018218 0.006710476455797283 1.4571682724605886 -0.3943205046660208 1.2841766594681223 -0.1391715876004338 -0.380045688124615 0.2955597271021349 -0.30143072180431785 0.3354584980521887 0.7438672873619315 1.999945866584157 0.34181285824943686 0.3255942850699566
