2.0000000268057896 -0.16214884051393771 2.0000000017482655 -0.24778481434228386 2.000000000000013 -6.0230708971162123e-5 2.0000000000272986 1.1083936405773143 2.000000030382849 1.4189012978530227 2.00000000182249 1.065600284551326
2.000000026810154 -0.06986332659279637 2.0000000017487922 -0.09673178870163827 2.000000000000013 7.113578171090013e-5 2.000000000027199 0.4886490038817275 2.000000031198944 0.6904134851698119 2.000000001837276 0.4026367210679756
2.0000000268108593 -0.030257774358576777 2.0000000017488495 -0.03627348148117702 2.000000000000013 0.00015633580105351019 2.0000000000271005 0.18859560158023872 2.000000031474855 0.3595233494383193 2.000000001840134 0.14982749465640974
2.000000026810938 -0.013886509919246564 2.0000000017488526 -0.01084228163533249 2.000000000000013 6.331414046952933e-5 2.000000000027058 0.044698698645449564 2.000000031586551 0.1925144090766589 2.000000001840831 0.050274159984965365
2.000000026810918 -0.00789738459790598 2.0000000017488553 -8.781676104122898e-5 2.000000000000013 5.774051452758512e-6 2.0000000000270517 -0.022739538652746114 2.0000000316369966 0.09374396514981972 2.0000000018410327 0.008855621643069302
2.000000026810876 -0.006662697276546677 2.0000000017488615 0.004055046133328049 2.000000000000013 7.652060476093773e-6 2.0000000000270646 -0.052954042677511734 2.0000000316580224 0.023219722214354373 2.0000000018410677 -0.010165495360196291
2.0000000268108087 -0.007764842230451343 2.0000000017488704 0.005120116502152167 2.000000000000013 2.4007087792278315e-5 2.0000000000270877 -0.06555768462031353 2.000000031659367 -0.03640751374876671 2.0000000018410105 -0.020466115104686423
2.00000002681069 -0.010109857615206573 2.0000000017488815 0.004809108662537702 2.000000000000013 3.60951563850557e-5 2.000000000027116 -0.0705211279689931 2.0000000316419353 -0.09318115052458664 2.0000000018408706 -0.02740859672470119
2.000000026810477 -0.01329167990666194 2.0000000017488944 0.003988695492839338 2.000000000000013 3.5594535676525386e-5 2.000000000027149 -0.07300222588089351 2.000000031601537 -0.15127662452520224 2.0000000018406348 -0.03312342956838296
2.0000000268101013 -0.017179333005377644 2.000000001748909 0.003099030758873332 2.000000000000013 1.871651108769704e-5 2.0000000000271876 -0.07570313449045815 2.0000000315297 -0.21325536736402928 2.0000000018402786 -0.03843319621139451
2.000000026809463 -0.021769297165168334 2.000000001748925 0.002345682716882153 2.000000000000013 -1.2462519161097372e-5 2.0000000000272333 -0.0800144527998529 2.000000031413393 -0.2810144861000151 2.000000001839767 -0.04398167071079301
2.0000000268084164 -0.02713108289564534 2.000000001748943 0.0018020876010632222 2.000000000000013 -5.091997415482005e-5 2.000000000027289 -0.08654035148196229 2.0000000312342543 -0.3561243538810443 2.0000000018390507 -0.04980496970716544
2.0000000268067506 -0.03337467636107708 2.000000001748963 0.001468801260166563 2.000000000000013 -8.803659510617603e-5 2.000000000027358 -0.09528395114667905 2.0000000309675867 -0.4399435836425445 2.000000001838076 -0.05577513072392538
2.000000026804172 -0.040635446363311824 2.000000001748985 0.0013089578250625935 2.000000000000013 -0.00011701317526495255 2.0000000000274443 -0.10561916008359983 2.0000000262731024 -0.5190196248230863 2.000000001836772 -0.06259503055665668
2.0000000268002744 -0.049067661660778514 2.0000000017490085 0.0012696151937951728 2.000000000000013 -0.00013478394047145028 2.0000000000275517 -0.11609433030119068 2.000000026601858 -0.489911389041365 2.0000000018350503 -0.06996779888763709
2.0000000267945026 -0.05884220148880614 2.000000001749035 0.0012943007632093802 2.000000000000013 -0.00014201372640062828 2.000000000027683 -0.12407546196933707 2.000000028735356 -0.32209240747505147 2.000000001832811 -0.07794450246001298
2.00000002678611 -0.07014565789974456 2.000000001749064 0.0013301669083153657 2.000000000000013 -0.0001415883960217152 2.000000000027839 -0.12368964756986688 2.000000029264185 -0.10734323744985545 2.0000000018299335 -0.08677640973098427
2.000000026774108 -0.08317569808933445 2.000000001749096 0.0013320415921683367 2.000000000000013 -0.00013656752501251999 2.0000000000280105 -0.10686865039346706 2.0000000290234845 0.034004804812832995 2.0000000018262813 -0.09620085202621173
2.000000026757202 -0.09814040914240996 2.000000001749131 0.0012647272645558139 2.000000000000013 -0.00012855984116874584 2.000000000028148 -0.007861346148551104 2.0000000290736453 0.060649772299373544 2.0000000018216992 -0.106680396706246
2.0000000267337286 -0.11522199517256768 2.0000000017491684 0.0011046689819893666 2.000000000000013 -0.00011713001329932566 2.00000000002812 0.20627688077030124 2.0000000291888824 0.061494007202363116 2.000000001816017 -0.11775866948252042
2.000000026701588 -0.1346051992894419 2.000000001749208 0.0008414472058271387 2.000000000000013 -0.00010047736647693855 2.0000000000276974 0.523503568602355 2.0000000293469484 0.07877424647360064 2.0000000018090733 -0.12903647963706688
2.000000026658187 -0.1564326200029137 2.0000000017492474 0.00047939607092009157 2.000000000000013 -7.716071789077684e-5 2.0000000000264917 0.9614710762530165 2.0000000293657 0.03419095538803139 2.0000000018007262 -0.14034711208805506
2.000000026600405 -0.18076213639937536 2.000000001749286 3.942209775193859e-5 2.000000000000013 -4.8031230087380194e-5 2.0000000000100537 1.0038649454080055 2.0000000293602067 -0.08041176430466065 2.0000000017909283 -0.1492357088345679
2.0000000265246225 -0.20752747918840145 2.0000000017493207 -0.00043971538644721036 2.000000000000013 -1.4956999083100508e-5 2.000000000011107 0.6690159390168963 2.000000029389304 -0.16309231252107853 2.000000001779903 -0.1510247787702047
2.0000000264268434 -0.23648274089663104 2.0000000017493496 -0.0009005659798814339 2.000000000000013 2.5500520014922114e-5 2.0000000000115077 0.4545679107807667 2.0000000294320888 -0.20374419262363286 2.0000000016826833 -0.13508625444312267
2.0000000123936035 -0.19222335894353107 2.0000000017493718 -0.0012678152846787828 2.000000000000013 6.661702420080593e-5 2.000000000011531 0.3136984241513935 2.0000000294652205 -0.20067306265053442 2.000000001725614 -0.09425132121434404
2.000000012693302 -0.07236943986433428 2.000000001749386 -0.0014527941664197635 2.000000000000013 8.352433429634075e-5 2.000000000011331 0.21900799999309956 2.0000000294792737 -0.15219054452255018 2.00000000174934 -0.03559832504716972
2.000000012729451 0.05154120528578241 2.000000001749398 -0.0013635427785551918 2.000000000000013 0.00012638169021884923 2.0000000000109965 0.15477100557447557 2.0000000294764666 -0.08400923941974252 2.00000000174812 0.011504853326743255
2.0000000124860655 0.18306598486169928 2.000000001749412 -0.0009250680411353218 2.000000000000013 0.00013808480137097917 2.00000000001058 0.11082577513865999 2.0000000294631457 0.01841550373647933 2.000000001744608 0.02395459511321725
2.0000000119311445 0.32618176238363294 2.0000000017494397 -0.00011352417119249927 2.000000000000013 0.00014615136544834727 2.0000000000101132 0.08055727035437552 2.000000029440675 0.17140887227285134 2.0000000017436608 0.005963698299484375
2.000000011016065 0.48506174987096906 2.000000001749493 0.0009856867807084655 2.000000000000013 0.0001510016852416238 2.0000000000096154 0.05962851879648929 2.0000000293908484 0.40015994065896865 2.000000001737164 -0.03429572693731234
2.000000009677477 0.6635620661318912 2.0000000017495823 0.0020950749122548053 2.000000000000013 0.0001488292649317999 2.000000000009098 0.04517965800229367 2.0000000292372793 0.743355132698277 2.0000000016946133 -0.09807697438408845
1.9999999547003797 -0.23737989971889809 2.0000000017497053 0.002623509343718534 2.000000000000013 0.00014152041590713947 2.0000000000085683 0.03531867451826875 2.0000000287662525 1.213477351063321 2.0000000015993114 -0.21285913019976138
1.999999852622555 -2.0000002552010376 2.000000001749834 0.0014920939248481203 2.000000000000013 0.0001306482694092829 2.000000000008031 0.028794214851880075 2.000000027404435 2.000000001468429 2.0000000018391715 -0.31109944703554177
2.0000061904882847 2.000003472523115 2.0000000017498873 -0.0031314388544347337 2.000000000000013 0.00011630252873964122 2.0000000000074882 0.024782495251355664 1.9999940382274894 1.9999964414976434 2.000000001907061 -0.34409575203784126
1.9999991606752883 1.0207828796545104 2.0000000017497 -0.01414320200441219 2.000000000000013 9.817643104466522e-5 2.000000000006943 0.022746053035264353 2.000000153156945 1.3205625691737914 2.0000000019775865 -0.34907221592472754
1.9999992970044147 -0.5168937684201593 2.0000000017489783 -0.03595691490879052 2.000000000000013 7.797974862697449e-5 2.0000000000063944 0.022337837942533544 2.0000000000049525 -1.2012322788109313 2.000000002045109 -0.32565152448841034
1.9999991576054355 0.07002364857178946 2.0000000017472517 -0.07507649930495892 2.000000000000013 6.05186894260489e-5 2.000000000005845 0.02333447331528463 2.0000001366893745 1.1446930498673358 2.0000000021041546 -0.26902301866556916
1.9999991581368917 0.3417288141506527 2.0000000017437998 -0.14080889803368377 2.000000000000013 5.109416348167976e-5 1.8933135060110415 0.02528114610807035 2.0000001361142807 -1.1232739805314078 2.0000000021481887 -0.1709551835075038
1.9999993549209936 -0.7256020490611137 2.000000001737531 -0.24610120348426406 2.000000000000013 4.169967480208436e-5 1.7134699900150923 0.027583577758126462 1.9999999443939367 1.1297857841614682 2.000000002168122 -0.020784358563773152
1.9999995372933304 1.0582677085234982 1.9999999998294238 -0.24514841574831955 2.000000000000013 -8.790121662656236e-7 1.5507190998210638 0.02996324129372244 1.9999997650851564 -1.1875921188023821 2.000000002150052 0.19463937898509806
1.999999626300684 -1.3263508079899713 1.9999999998829456 -0.1290623905101658 2.000000000000013 -5.978181298464329e-5 1.4034306988847591 0.03230157990245943 1.9999996766992059 1.3100722231943287 2.0000000020727953 0.48123447420517435
1.9999995804893447 1.5410233670881763 1.9999999999072027 -0.02605176490392694 2.000000000000013 -1.4439630726063976e-5 1.2701306073883338 0.034511386307387884 1.9999997224583002 -1.4860518338951731 1.304124587174608 0.7804706578568215
1.9999996743604926 -1.731539210191325 1.999999999895324 0.12466719242546304 2.000000000000013 -4.51111661241097e-5 1.1494856290144102 0.0365265594192486 1.9999995849727394 1.69829023451916 0.5370192068971766 0.9664305337516768
1.9999989301229861 2.0000071132125554 1.9999999998259657 0.3488387183720465 2.000000000000013 -4.162202454683651e-5 1.0402904197204652 0.03829323282606097 1.9999984727183469 -2.000007173267256 -0.019432564286472564 1.036970389525104
2.0000005650770083 -1.9999857604995286 1.9999999996949207 0.49254372937424346 2.000000000000013 -5.315690392252245e-5 0.9414554744049175 0.03977253775497192 2.000000774918381 1.9999856086925716 0.9534956283027426 1.0336478396955495
2.0000002760253954 2.0000035581694084 1.9999999994991853 0.3718642518991645 2.000000000000013 -0.0001274491300503653 0.8519960921068627 0.04093901606535145 2.000000377438013 -2.0000037124778816 0.8621222563341014 1.1853826434854937
2.0000001352926082 1.828175650176741 1.935739089964794 0.2962637295930591 2.000000000000013 -9.754153490007507e-5 0.7710223127023529 0.04177907950294833 2.000000407967715 -1.2820465723946577 2.000000001026241 0.6494227536344699
0.7876954067296406 0.3137413124298592 2.0000000003712026 0.21215358414777405 2.000000000000013 -7.059826434365408e-5 0.697729747692834 0.042289487633351525 1.9999999103785688 2.0000001542548853 2.0000000007522445 -0.368028149037293
1.4701266165345777 0.3815723215098959 2.0000000003798664 0.160147597503893 2.000000000000013 -7.148709287206222e-5 0.6313912373719678 0.04247586085204055 1.9999999942298405 0.2932489870897836 2.0000000013731456 -0.9889282096118405
1.3453511598012369 0.2794165676945774 2.000000000379109 0.12128779574980647 2.000000000000013 -7.728586019228199e-5 0.5713492742400813 0.04235125007428909 1.999999998595961 -0.8948580738867963 2.00000000104927 1.805927340151478
1.228788142084575 0.19555203427604614 2.0000000003717697 0.09185085240387711 2.000000000000013 -7.732375585817301e-5 0.5170091387117653 0.04193477226319539 1.8351467100289485 -0.7166584965723629 1.999999985071319 1.9999999933034536
1.120797020851862 0.12634923284748298 2.0000000003598326 0.06925945860123123 2.000000000000013 -7.102730033616013e-5 0.46783269803819055 0.04125030644132335 1.678905063415175 -0.5665541588500203 1.9999999976147858 0.1690174687604382
1.0212393572431 0.06891170827452216 2.0000000003446927 0.051692177971160165 2.000000000000013 -6.083609170162565e-5 0.42333282252866816 0.040325238815625344 1.5338602890970519 -0.4404646793562574 1.999999997724352 -0.31439634668761984
0.9296807511679421 0.021078812131495754 2.00000000032733 0.03782934385274842 2.000000000000013 -4.895540843277239e-5 0.3830683741170359 0.03918925254731399 1.3996629650712153 -0.3344562323758501 1.999999998615258 -0.17147695750465153
0.8455621697443422 -0.018749611406400368 2.0000000003084377 0.026687269061904804 2.000000000000013 -3.665528197706844e-5 0.34663972111614977 0.037873174911627304 1.275823633387275 -0.24536137099636413 1.9999999987740853 0.0183780412084557
0.7683006573718264 -0.05181677335130844 2.0000000002885017 0.017508135379639123 2.000000000000013 -2.44887235317074e-5 0.3136847305768214 0.036407913823711405 1.1617764828371997 -0.17058680116022001 1.9999999987701802 0.08628594653804515
0.6973317688836376 -0.0791101306263347 2.0000000002678617 0.009686345754424784 2.000000000000013 -1.2660272738205893e-5 0.28387518765398695 0.03482352713482771 1.0569199475873627 -0.10798700949228868 1.9999999987908772 0.019426396012990604
0.6321294880554574 -0.10143167428496942 2.0000000002467555 0.0027194442541774214 2.000000000000013 -1.29152265599529e-6 0.2569135913894715 0.03314846558113773 0.9606434170044553 -0.05577302612488363 1.9999999990068633 -0.022017550726234465
0.5722134943536046 -0.1194467965724065 2.0000000002253446 -0.0038260431430017405 2.000000000000013 9.506076425801638e-6 0.23253027911610935 0.03140901445060976 0.8723449877651636 -0.012441995977016406 1.9999999993575273 -0.07291807744973182
0.5171495934937799 -0.1337182904752081 1.9407222372002564 -0.010021939547636794 2.000000000000013 1.9579611977941786e-5 0.2104808368881887 0.02962893644158704 0.7914427978933719 0.023277714190772198 1.9999999998238385 -0.2498842107139453
0.4665467459419802 -0.1447300136939904 1.7562843708433544 -0.015389810217348043 2.000000000000013 2.8749435452152857e-5 0.1905437597676451 0.027829297069805296 0.7173817741877945 0.05246952013716491 1.9999999868394012 -0.427484458388576
0.4200527050603794 -0.15290337203187557 1.5893801793055773 -0.019671727582650938 2.000000000000013 3.6825077262306396e-5 0.17251833218886206 0.026028439982982297 0.6496371608064724 0.07606238310973862 1.9999999994250257 -0.4375974813501077
0.3773494110540942 -0.15860884273534606 1.4383424544161028 -0.02311515595469161 2.0 4.367624850354588e-5 0.15622270420613543 0.024242073858861766 0.587715869866506 0.09485731641508019 1.999999999597801 -0.3575047825806925
0.3381487482146403 -0.16217412061801098 1.3016619191101348 -0.025889988363866488 2.0 4.913189347038042e-5 0.141492143971215 0.02248343312050919 0.5311564514875465 0.10954815950501531 1.9999999997360396 -0.2848295991968835
0.30218892968147926 -0.16389002667295322 1.1779726744009993 -0.02811533481716466 2.0 5.298730585185013e-5 0.12817745033915734 0.020763478752622255 0.4795282892842025 0.1207378185293648 1.9999999998423863 -0.21868266548109033
0.2692315522314855 -0.16401499975877 1.0660388307395379 -0.029877228899413334 2.0 5.5105919858275604e-5 0.11614351207516527 0.01909111147473822 0.43243046606516505 0.12895094859842318 1.9999999999203109 -0.1580324773466575
0.23905922405935634 -0.16277874940018486 0.9647422877006443 -0.03124030358212432 2.0 5.5384287499310515e-5 0.10526800167517734 0.017473377098999543 0.3894905985028219 0.1346439039459115 1.8414574568238715 -0.10522598696219913
0.21147359192924656 -0.16038545221464404 0.8730715979890344 -0.032255403543802734 2.0 5.378225480462009e-5 0.09544019236614146 0.01591565282803305 0.3503638018780123 0.13821267986514923 1.6676049064523522 -0.062405268865875024
0.18629357155712833 -0.1570167109157216 0.7901118420269421 -0.032964448745134683 2.0 5.03194030778205e-5 0.08655988675085577 0.014421812343676966 0.31473181887677887 0.1399994850290519 1.5098854895874212 -0.028058168023768294
0.16335361013905342 -0.15283435990221683 0.7150354371987163 -0.03340345283225644 2.0 4.5080069649673184e-5 0.07853644538834895 0.012994374747752297 0.2823022400227003 0.14029848825668156 1.3668760640210111 -0.0006357062799974579
0.14250187229114855 -0.14798309980691318 0.6470938066036341 -0.03360432927935762 2.0 3.822659586404642e-5 0.07128790392520794 0.0116346459042038 0.2528076721924555 0.1393611630944886 1.2372580620961948 0.021124372675417336
0.12359832304879508 -0.1425928824436797 0.5856098341690016 -0.03359593194007338 2.0 2.9999921016070266e-5 0.0647401684846006 0.010342860010774509 0.22600468913178695 0.13740150341717927 1.1198157791706405 0.03824878184883484
0.10651276139130164 -0.136780951077011 0.5299710357936441 -0.033404642083589606 2.0 2.0710000233135458e-5 0.058826280733812276 0.009118325451876963 0.20167242972974053 0.13460121525948318 1.0134329373412327 0.05157296009667163
0.09112291351038693 -0.13065346395755778 0.47962337996385634 -0.033054711639476285 2.0 1.1416050676334648e-5 0.05348574596124001 0.007959574258930218 0.17961078836582853 0.13111482948439596 0.9170879736693957 0.06177821322911749
0.07731271414848104 -0.12430667752390788 0.434065696183179 -0.032568491933812525 2.0 -6.398777982872891e-6 0.04866391914844474 0.006864510779831852 0.15963824388597328 0.12707455929728384 0.8298484896021668 0.0694222011101427
0.06497088743302121 -0.11782772070905463 0.3928446154411381 -0.03196661503443247 1.7170491114455617 -8.148279385490671e-6 0.044311445154111506 0.005830553455309814 0.14158946693997443 0.1225946737829086 0.7508652330234434 0.07496355604253058
0.05398989750182148 -0.11129503669951239 0.3555499932347913 -0.03126815123896351 1.5542379335421066 -7.897350944738848e-6 0.04038374970575152 0.004854763888929435 0.1253128999154544 0.11777518245887822 0.6793659066078573 0.07878150830965032
0.04426528993562578 -0.10477859393283079 0.321810771514475 -0.030490741888926202 1.4069677960768587 -8.111095200046569e-6 0.03684057806496956 0.003933958988991446 0.1106685061183475 0.11270470995287256 0.614649023133755 0.0811913669113637
0.03569540090108037 -0.09833997309150512 0.2912912406481908 -0.029650699515453016 1.2737662840999346 -7.955429889157823e-6 0.03364557819116765 0.0030648040114135567 0.09752584238970997 0.10746254992159 0.5560779659777748 0.08245662171100587
0.028181378909264553 -0.0920324260180462 0.263687665858302 -0.02876307175755762 1.1533016046004858 -7.147231284498172e-6 0.030765925143070905 0.002243886194130434 0.08576254297279841 0.10211998718646986 0.5030753616509188 0.08279833634877103
0.021627445320245596 -0.08590098230041532 0.23872524487382984 -0.027841674316704444 1.0443692789792283 -5.689970847133914e-6 0.028171983425290727 0.0014677700184827173 0.07526323458044827 0.09674104347973037 0.4551178293418453 0.08240240994716139
0.015941312172166835 -0.07998265529818922 0.21615536533541985 -0.02689910544163793 0.9458801088835842 -3.721271692636186e-6 0.025837004042960857 0.000733035897651409 0.06591884804828133 0.09138282911799955 0.41173113813530937 0.08142520676074788
0.011034677018780303 -0.07430677534794881 0.19575313229862132 -0.025946757234316446 0.8568492937954747 -1.4263636600649178e-6 0.02373685316851401 3.630437078582457e-5 0.057626255961997414 0.08609567678712428 0.3724857746979892 0.07999798410145112
0.006823722216899104 -0.06889545614771084 0.17731513825231118 -0.024994837625335078 0.7763865910764812 1.0091135841776812e-6 0.021849769532434664 -0.0006257521817617464 0.05028814725394539 0.08092320568591291 0.33699290261947035 0.07823048287216905
0.003229558920695685 -0.06376418245438413 0.16065745040565108 -0.024052412904863086 0.703687420025348 3.4227164660126963e-6 0.020156147907881734 -0.0012564085635885058 0.043813045840235716 0.07590242525611322 0.30490067997255366 0.0762139740223503
0.0001785721685360715 -0.05892249434183006 0.14561379250252107 -0.023127475882816263 0.6380248211447186 5.684792458642805e-6 0.018638346357944865 -0.00185889519535679 0.03811538773590482 0.07106394596188609 0.27589089501548686 0.07402397341886968
-0.002397359242140078 -0.05437473592166877 0.1320339010199395 -0.02222704002695063 0.5787421904401409 7.699980924947403e-6 0.017280515252759622 -0.002436415116380617 0.03311558672784896 0.06643232613595665 0.24967588159390822 0.07172274877557082
-0.004560778122298507 -0.0501208344997882 0.11978203824768337 -0.021357255724438695 0.5252467163313767 9.404277521018127e-6 0.016068446445801295 -0.002992169294319853 0.02874003936144224 0.06202655289145713 0.22599568403632653 0.0693616563391452
-0.006368696016953667 -0.04615707886701275 0.10873564734127507 -0.02052354159871228 0.4770034537569006 1.0759878226670157e-5 0.014989441437091761 -0.0035293906728722404 0.02492104221079077 0.057860633686628464 0.20461545175070545 0.06698328099074263
-0.007872758738953928 -0.04247687167456851 0.09878413681373607 -0.019730722285392886 0.43352997638930946 1.1749098000046777e-5 0.014032197866027277 -0.004051388239245306 0.0215966148604078 0.05394426359208489 0.18532305007057784 0.0646233298853342
-0.009119511070178788 -0.03907143937010771 0.08982778386175676 -0.018983164850156643 0.39439155362997347 1.2368115409725948e-5 0.013186714308098476 -0.004561603501969826 0.018710238189532907 0.050283530393095396 0.1679268729958916 0.062312248283938707
-0.010150739987206137 -0.035930492464570155 0.08177674726001141 -0.018284909174408292 0.3591968042798195 1.2621023570896408e-5 0.0124442141671734 -0.005063683275431438 0.016210527993150575 0.046881623305910225 0.15225383935426004 0.06007655718019806
-0.011003880087421695 -0.03304283672589317 0.07455018133022615 -0.01763979245642938 0.3275937835395455 1.2514514833511488e-5 0.011797090576976045 -0.0055615748303103 0.014050868529558648 0.043739519136439226 0.13814755677378132 0.05793992938937753
-0.011712476171026769 -0.030396939129252967 0.06807544291397843 -0.017051573387597267 0.29926646431664067 1.2053322843528818e-5 0.01123887585967528 -0.006059652705370344 0.012189030301790322 0.04085663033244703 0.12546664419486617 0.055924012405413615
-0.012306715021906167 -0.02798144843144026 0.062287383672049314 -0.01652406673072854 0.2739315777527195 1.1236253524770764e-5 0.010764241594942985 -0.006562891529901923 0.010586793307039856 0.03823141121937079 0.11408321749179487 0.05404898365299317
-0.012814055157010784 -0.025785660620502228 0.05712772072807855 -0.016061303950723603 0.25133578148278984 1.005237719579185e-5 0.010369039378604629 -0.007077107414136434 0.009209593700123263 0.03586193100739548 0.1038815564455247 0.05233385491467622
-0.013259989945549508 -0.023799913763645354 0.0525444799825228 -0.01566774137186091 0.23125312745102394 8.47681844960774e-6 0.010050399108999667 -0.0076093043078513415 0.00802621095075669 0.033746435044144533 0.09475696126437556 0.05079654979203313
-0.01366897228702903 -0.022015911335166477 0.048491508706388776 -0.0153485467057682 0.21348280418454543 6.465496348278554e-6 0.009806913491428027 -0.00816818604592755 0.0070085167644854205 0.03188393088184783 0.08661480860121028 0.04945372934005815
-0.014065524228632371 -0.020427021329912667 0.04492805782289587 -0.015110012989613826 0.1978471313290794 3.947955170075416e-6 0.009638959247333156 -0.008764939466116168 0.00613131999283976 0.030274857034575463 0.079369852383486 0.04832026625440358
-0.01447559306584826 -0.019028678820220215 0.041818440575083035 -0.014960187066078729 0.18418978708208375 8.168283697406692e-7 0.009549247767432009 -0.009414480342495517 0.005372371404507116 0.028921927897908744 0.07294599631921654 0.04740562530457293
-0.014928347392461324 -0.017819116827809327 0.03913178548023133 -0.014909882073838166 0.17237425213353474 -3.0890489555310696e-6 0.00954378510248195 -0.010137531295298227 0.004712658715402856 0.027831314019925283 0.06727562699514922 0.04671685224719108
-0.015458873256700385 -0.01680076576890241 0.036841925552078894 -0.014974426495977093 0.16228245734290997 -8.014740996516357e-6 0.009633614919592111 -0.01096429321886455 0.004137281056887946 0.02701444484523044 0.06235197077025735 0.046256473372529125
-0.016112686614747504 -0.015982964162150313 0.034927530435586045 -0.015176933972070133 0.15381362798127554 -1.4349599262703789e-5 0.009838190723967116 -0.011941423373404559 0.0036376099872656165 0.026490978190042792 0.05817368685893163 0.045994814514718485
-0.016954128945677143 -0.01538805785730527 0.03337278754863067 -0.015555029277735733 0.14688332909069524 -2.2764590596514298e-5 0.010192524356821659 -0.013146633589234654 0.0032166964695189357 0.02629399960904203 0.05480872642351258 0.045882824872623074
-0.01808561918041284 -0.015067336235395289 0.03216961068681404 -0.016176713333711863 0.14142274989286632 -3.4578175832109174e-5 0.010764474398362828 -0.01472358177879055 0.0029043498027134912 0.026479437545745596 0.052397313928516306 0.04586530833196587
-0.019701988932601288 -0.015141357973656138 0.03132506450979353 -0.017186974131684265 0.13737839638045668 -5.2982420681099976e-5 0.011705955098851636 -0.016983911956481797 0.002808840236274143 0.027141525532405328 0.04904186345907549 0.046395724284699597
-0.022272820005555343 -0.01592792380654937 0.030894652898304585 -0.0190088781583022 0.1347131792644582 -8.79548574869195e-5 0.013471519576488884 -0.020835748952971005 0.003378108398745145 0.028401768371860096 0.04517526972560868 0.04850087483791212
0.10124898154683391 0.007349490497052313 0.03286443837256798 -0.04147847051052333 0.13361237971959852 -0.00012264147932716712 0.04341444323654089 -0.09638737826425227 0.149547500016294 -0.08807318835390374 0.016520833434725563 0.13065280771365242
