-1.4203435014931154e-8 6.268267327324156e-9 0.7853982154137354 2.4780715722700145e-9 1.499999995297567 0.7853981182463275 1.5000000049239521 3.3053318308474472e-9 0.7853980553637578 2.601696325044145e-8 -1.500000000941996 0.785398037139102 -1.5000000132541833 1.0433266250942097e-8 0.7853983937230082
0.24678432689717414 0.31360498213334753 1.0227554016585925 0.24678392159453794 1.8136050024975594 1.0227597528094445 1.7467842859068123 0.31360535290650743 1.0227612007600055 0.24678460666266386 -1.1863950039655264 1.0227593995385469 -1.2532156777113743 0.3136046098149129 1.0227493480597538
0.44624596742316364 0.6602736765243478 1.0746188634568647 0.44624588229441065 2.1602736586714837 1.0746105897781146 1.9462460095599112 0.6602738021979949 1.0746077996814334 0.44624618485980927 -0.8397263360977509 1.0746103506281623 -1.0537540265313237 0.6602735513279606 1.0746302756445534
0.6318657712113526 1.0145834851577242 1.1018176322678943 0.6318653762559372 2.5145835018238287 1.1018297899396583 2.1318657285957414 1.0145838375501364 1.101833901235975 0.6318660311516834 -0.4854165030092041 1.1018307357463237 -0.8681342354603665 1.0145831324263064 1.1018009461393654
0.8079497541704439 1.37372861672569 1.12808315591118 0.8079496212445513 2.873728600312852 1.1280673219467983 2.3079497968547074 1.3737287926982094 1.1280618067913983 0.8079500227114794 -0.12627139493661332 1.1280652387599162 -0.6920502389691734 1.3737284410337915 1.1281049805510477
0.9791483542076231 1.7352407870372812 1.1289585754860487 0.979147924371473 3.2352408018692294 1.1289782423013341 2.479148310950058 1.7352411716932 1.1289850681587712 0.9791486453275122 0.23524079758971567 1.1289811605570863 -0.5208516533218739 1.7352404022224428 1.1289315579662778
1.1421744383152417 2.1004758530862593 1.1729909428466183 1.1421741901798634 3.6004758380544866 1.1729679618082125 2.64217448149244 2.1004761463505663 1.1729595588987158 1.1421748249838009 0.6004758423795911 1.1729631549858808 -0.3578255541309857 2.100475559954669 1.1730228923798232
1.300418884669297 2.4678373484494633 1.15512268930428 1.3004183300735899 3.9678373617041065 1.1551495577442519 2.800418840905533 2.4678378558623697 1.1551592036744927 1.3004192975119053 0.967837357804582 1.1551551186758118 -0.19958112358364707 2.4678368410407123 1.1550855762197345
1.4510164015915892 2.8383419649205077 1.2143352375635401 1.4510159357886978 4.338341954463842 1.21430548326434 2.9510164463206254 2.8383424813095632 1.2142940232788366 1.4510170143494485 1.3383419576606468 1.214297126386387 -0.04898358903430694 2.8383414483537415 1.214377065249584
1.5868959130383076 3.2145487953362064 1.2340511701004266 1.5868952855352192 4.714548806275519 1.2340841532336284 3.0868958685706356 3.214549373120102 1.2340972141863153 1.586896394654705 1.7145488027751692 1.2340946467678122 0.08689590379261314 3.2145482177138844 1.2340045107950126
1.7147951891732434 3.5935408819669106 1.2566010975898991 1.7147946706848018 5.093540872388972 1.256565134639213 3.2147952339667167 3.593541451263843 1.256550315966733 1.7147958554556568 2.093540875731123 1.2565520037345077 0.21479519887394308 3.5935403124785754 1.2566524921906055
1.8336577483748644 3.9754615385191476 1.2815477959119252 1.8336571419781253 5.4754615472272485 1.28158663564251 3.3336577034071233 3.9754620936217333 1.2816032799517643 1.8336582058749409 2.475461543895723 1.281602620701814 0.33365773840127494 3.975460983738902 1.2814917095252851
1.9438109750023416 4.359988087223119 1.3020598515390802 1.943810426320765 5.859988078588318 1.302018281168363 3.4438110199078804 4.3599886873575455 1.3019997103778316 1.9438116720538254 2.8599880822306893 1.3019991484671198 0.443810985057883 4.359987489008877 1.3021205831300442
2.043914531450672 4.746999038446023 1.3333098557210947 2.043670475574876 6.246999020474946 1.3345334675770362 3.5439144684889263 4.747243035385019 1.333679554432857 2.0441584411872915 3.2469990735475314 1.3321974836660688 0.5439145404021514 4.746755040482702 1.3329392056932425
2.1358296773958925 5.136293132072515 1.3445621721573588 2.135585629247956 6.6362931266683995 1.3433362759274867 3.635829699313258 5.136537253033816 1.3441879776406445 2.1360738752954243 3.6362931267201644 1.3456682372283426 0.635829710820477 5.136049010765866 1.344937301794881
2.222350595147026 5.526819059520406 1.3609731271003902 2.222106615668881 7.026819033145334 1.362200787317702 3.7223505328449273 5.527062978374396 1.3613516896228617 2.222594425274972 4.026819095958162 1.35987389463243 0.7223506020945145 5.526575138753995 1.3605936523103122
2.35451560411476 5.902962942713614 1.1048344380384567 2.3540413928179262 7.402962812266024 1.1046944258501967 3.854515540721369 5.903437095313055 1.1048343761226533 2.3549898242813 4.40296298133747 1.1048383657113776 0.8545156735249344 5.902488783766681 1.1048352230367453
2.6000000793441203 6.2154029613326935 0.7048343651724949 2.5995268665634477 7.715402954483771 0.7049739119867688 4.099999999833787 6.2158762347347984 0.7048343446753483 2.6004733013229027 4.71540308309871 0.7048383825625899 1.100000149402567 6.214929725027212 0.7048352277736446
2.8606162341027934 6.457724795830986 0.7932465251751318 2.918341062613971 7.956613629451469 0.5904307959252405 4.359505136379076 6.399999999706517 0.5293385189698214 2.802891508130574 4.958835890688894 1.0494242689012625 1.3617273918802502 6.515449532608821 1.0037338363934518
3.1113646357746823 6.655563962473174 0.5427393042484282 3.269352036143549 8.147220795956688 0.40451379221282957 4.6030213935818916 6.497576546677335 0.23287667735378506 2.9533771466387284 5.163907216638343 0.8260376052084482 1.6197078229591957 6.813551449271005 0.7111134587814025
3.3684605289188925 6.78868278134583 0.41280266982986624 3.6517245995741106 8.261693755746563 0.17725116863148255 4.8414715841657925 6.505418716743261 -0.16712331413387688 3.0851965412907347 5.315671706665999 0.8851908766154676 1.8954495244124097 7.071946764347571 0.7947546028211857
3.6270622135216195 6.922038736068279 0.5394209877385441 4.037746456872452 8.364723239198776 0.344392977771496 5.06974663505569 6.511354482429851 0.21911588030597395 3.216377885228577 5.479354335276837 0.9051696698590895 2.1843777421077966 7.332723066648835 0.6737055104441518
3.919642445043989 7.065032250876925 0.36976814755065124 4.4209264514246955 8.47879115124045 0.2342723776742256 5.333401427790171 6.5637482571946215 0.1732165392669835 3.4183585230258324 5.651273245056813 0.5051696486386762 2.505883509064126 7.566316168953589 0.5829538890912005
4.211919978757895 7.191909799251275 0.4493344147884134 4.811056461816455 8.567059099384956 0.21074305107269714 5.587069190229951 6.592773308736765 0.05463405847669494 3.612783413354315 5.816760616451 0.9051696597837637 2.836770724168377 7.791046376374517 0.6102702419053202
4.483942186247127 7.28665766252402 0.221004747251731 5.20860195341348 8.599999999575576 -0.04540212022774909 5.79728461710662 6.561997893005788 -0.3453659280608045 3.759282494242212 5.973315196431262 0.7319624932469193 3.1705997955533154 8.011317337677566 0.5562410868305014
4.752221686906694 7.363686337180244 0.3381909568859541 5.601650109382639 8.600000001399016 0.0454050809440501 5.9885352538132235 6.5142579205382 -0.1438775747006121 3.9027931932599937 6.127372809226421 0.9096927875603045 3.515908079618205 8.213114847142323 0.5014960061867555
5.024691766282784 7.437754639368036 0.19266494861300354 5.98363194100138 8.591198887875422 -0.09148149667727148 6.178136114809304 6.478814466278222 -0.22572877641451194 4.065751659775009 6.284310252281976 0.6234629955582419 3.8712474572716076 8.396694730919794 0.45223379180055523
5.3464658331338555 7.4960543582576005 0.16580784683490365 6.370509119693321 8.592108847222585 0.09618892993435102 6.442520229862987 6.472011065018765 0.17427114277659847 4.322422491713567 6.3999999989826115 0.2234630202974951 4.250411405510826 8.520097715808287 0.17706343195480442
5.744075806771124 7.504656629837591 -0.12254281789021979 6.7688795951740355 8.59999999959983 -0.05658020026028851 6.8394192605911 6.4798528469138645 -0.13475887549515966 4.719272061001305 6.409313139445925 -0.17653701135367367 4.648732375394106 8.529460356237424 -0.13006161556368454
6.142820400786692 7.4949556675202365 0.07389297891045046 7.168038385256731 8.589911458605073 0.006045240941985969 7.237776105378571 6.469737676969946 0.08398308780908514 5.117602372455401 6.400000000356019 0.12978547826206374 5.047864673079188 8.52017371568452 0.08353592441898833
6.539548278647679 7.501736868433339 -0.039708677800072034 7.562451490885377 8.598855329165378 0.03929637669624112 7.636666828526806 6.478833663591911 -0.038382254312890454 5.5166451128663185 6.404618280250374 -0.10664056659111087 5.4424297533198205 8.524640014408305 -0.06089786746559598
6.935820164156684 7.499999918131405 0.030940258227956614 7.955624028538489 8.599999997726139 -0.03347016733595987 8.035820133995063 6.480196027850587 0.045206080453249725 5.916016215441216 6.400000002706565 0.08351471648461552 5.835820203144327 8.519803903498776 0.03631237693040635
7.335551677664908 7.499817953566096 -0.03184867552225117 8.355551988950621 8.599635783183679 0.0316452524518367 8.4353695978189 6.4798176492660176 -0.047097605517905275 6.315551409170458 6.399999997476641 -0.08351562559639562 6.235733783645283 8.519818199336333 -0.03624108530225986
7.735283235324936 7.499635709023691 0.03093479389104494 8.755479899132194 8.59927150692603 -0.033463246347294855 8.834918958440321 6.479439056365036 0.04519992032837157 6.715086568726403 6.400000003964664 0.08351654065297709 6.635647453265968 8.519832386304538 0.036312435472791345
8.125452948435495 7.49080851366177 -0.07617287074877763 9.15508247954591 8.581616892395651 -0.054844022878222855 9.216261425035293 6.461178992499296 -0.1408911657513702 7.09582346806284 6.399999996525636 -0.08351756269567608 7.034644496021626 8.52043796754278 -0.03327743579078508
8.523504933681185 7.509991263798742 0.17247933329663545 9.553981061718844 8.600000002111969 0.14695205645297144 9.61351357019588 6.4795151205035815 0.23313761780348177 7.493028741914112 6.419982670955802 0.18405008194552686 7.433496267359874 8.540467477567708 0.1336295213217117
8.919203775555175 7.5618833540517 0.08831539999170993 9.949477635136024 8.652083184202546 0.11491838042227764 10.009403710428183 6.53160951053376 0.0285380060461832 7.888929974689521 6.471683378888058 0.07565911455656163 7.829003875627407 8.592157131224475 0.1262806687600323
9.318610567107164 7.567816704383954 -0.05860906769100216 10.348583420095077 8.658301023073891 -0.08375825302050424 10.409094773938701 6.53784384011667 0.002651968542764071 8.288637660027103 6.477332545590739 -0.0473934793351338 8.228126331358819 8.5977896446004 -0.09805744734140444
9.672092734508787 7.5564796098999585 -0.00551107350031748 10.659145580896293 8.685960257182671 0.2614071964540403 10.801573503521432 6.56942677720467 0.15794646041005453 8.685039954533972 6.426998785196793 -0.20520868024017752 8.542611992165229 8.54353235408219 -0.24363379935134213
10.025927769454565 7.566463461762849 0.06192517800516087 10.968988104910586 8.732927067917421 0.03947406755713792 11.192391275339771 6.623403120386838 0.11653593892703579 9.082867388668442 6.3999999998000465 0.06968635875179946 8.859464215890748 8.509523859953562 0.029788511572444918
10.42531384956533 7.585207559816901 0.03187290660376708 11.36855283136333 8.75152658685792 0.05355359999038113 11.591632929920362 6.641968543603477 -0.02359591453914678 9.482074811768223 6.418888490312394 0.024871879984583393 9.258994920947195 8.52844665410838 0.06486514917134222
10.817227015481768 7.655849389682144 0.3247925018373231 11.761377632790644 8.821430821242116 0.2986683629916573 11.982808607632855 6.711699230796625 0.37640386548238286 9.873076163558816 6.49026821048936 0.3362651722893127 9.651645687993788 8.599999999484453 0.29564383161844066
11.167647938607606 7.844341769437691 0.662225844902379 12.110803391215082 9.010728419345309 0.6942884741466938 12.334034752210712 6.901186541689773 0.6131004503887896 10.224492727026076 6.677954894490782 0.6448142167228541 10.001261670800265 8.787497532108844 0.6888750580999997
11.454022427109798 8.122136294989444 0.8781544027344064 12.397645397203338 9.288144560748954 0.8430999215906791 12.620030344969521 7.178512673382007 0.9269110442784328 10.510399482858547 6.956128012521399 0.898569571349985 10.288013551558914 9.065758876417254 0.8518738338738101
11.689569280628648 8.444586727969453 1.0016455296264055 12.632672183180851 9.611015869687298 1.0400454193676543 12.85599844914268 7.501483834967935 0.9527257751243575 10.7464664488636 7.278157540123341 0.9778802486082206 10.523140181860713 9.387689564134469 1.0280818811366044
11.89397308632962 8.787052783321714 1.0637321100012973 12.836487794109011 9.953957231279032 1.029086870631462 13.060877501990504 7.844538055204842 1.1121160763927191 10.951458301118672 7.620148378306906 1.0837457233055166 10.72706858995659 9.72956755582802 1.037841090433841
12.081261186156059 9.140287255774624 1.1028192360314186 13.023814015255715 10.307161075438854 1.1372227220607247 13.248135295080967 8.197734952444865 1.0544832926800631 11.138708624468741 7.973413244209103 1.0830409824467648 10.914387848726008 10.082840372621757 1.1286537553783802
12.256942750105319 9.49950326857311 1.1290414074999928 13.199594520035655 10.666301090634661 1.0940280437855086 13.42373925932804 8.556856149441831 1.1775163584101334 11.314293371037198 8.332711062283733 1.1494359469337843 11.090150034510902 10.442157499056764 1.1030753545664065
12.426142487131978 9.861892658987065 1.1389139591412043 13.368824005906205 11.028658149669873 1.1737251017759713 13.592908996640784 8.919205956105477 1.0904907879321448 11.483458302031867 8.695121760959525 1.118723215833014 11.259371456480443 10.80457142678054 1.1648280612108017
12.587651113599994 10.22216249551215 1.1598019291873733 13.526332730900956 11.392154360366838 1.150078093873561 13.757642695899998 9.283483310186668 1.2017054056220502 11.648970721932123 9.052172856423898 1.1547310794256447 11.41766165754435 11.16084545485621 1.14057202958141
12.741123209051688 10.591502028049476 1.1941434489240077 13.679787527637334 11.761504225552386 1.2039704189291167 13.911125675478704 9.652835269962862 1.1522126261772023 11.802457642829268 9.42149761200906 1.1991207109109736 11.571118587373835 11.530165018795216 1.2134034989467315
12.887571473069851 10.936885259426832 1.1453757761968317 13.806054071769466 12.122798302107745 1.265189230948996 14.073484582726385 10.018402712269124 1.153461160907774 11.969089015196372 9.750972128156889 1.0059970700456449 11.701658413298116 11.85536776670338 1.164746937940091
13.036120358343679 11.265012026506367 1.1459913588051802 13.922140036694323 12.475371109541248 1.240256933100427 14.24647937393528 10.378992295353804 1.093487277358786 12.150100537806345 10.054653031321578 1.0605660188935797 11.825761290913883 12.151031796852966 1.182025083945802
13.184332856305655 11.58128596574313 1.119142042031668 14.028364148327482 12.82129048357437 1.3054582794344467 14.424337441364493 10.737254728715614 1.1265060022178255 12.340301707821514 10.341281362609697 0.9092969901010985 11.944328325219551 12.425317165535386 1.1435344363097326
13.329824386357203 11.883979075135125 1.1263413299192802 14.119715960501882 13.159154078736094 1.3080038327440393 14.60499932409299 11.094087444310423 1.0777462978439596 12.539932667780919 10.608804152843357 0.9501429263785768 12.054649392953134 12.673870740840435 1.1625967542631743
13.472391399106556 12.179244800491519 1.1155969600261701 14.199959401559354 13.4909783171554 1.359046006832073 14.784124980609585 11.451676857313194 1.1350726165549625 12.744823543744916 10.867511206430475 0.8517835905127908 12.160657875664663 12.906812711388788 1.1248482660012382
13.607133798333198 12.455684323529129 1.1189261243023658 14.267412550848798 13.802544362498134 1.3561363003872888 14.953993771321533 11.795405506979618 1.0885334536784033 12.946854890345582 11.108824360586379 0.895760895884851 12.260273762723346 13.115963170780917 1.1277443813538275
13.728813525914486 12.705554360082669 1.1163268172284195 14.324574362860433 14.082169422926569 1.3821631229480233 15.105428656901983 12.109793593032736 1.1552900607384244 13.133052855505026 11.328939221497128 0.8415954330270269 12.352198463167952 13.301315097592603 1.0930513683252285
13.839273022010202 12.931774102843372 1.1168010300572064 14.373293017033992 14.333495419151072 1.37649003869255 15.240994268017916 12.397754032000703 1.1063033839085805 13.305252849279162 11.530052861931106 0.8837990521846923 12.437551702119572 13.465794202045188 1.0911838871975823
13.93912643475052 13.13591928989434 1.1149681766137138 14.416443224484954 14.55794906334954 1.3852412965021235 15.361156280529588 12.658602581655002 1.171928401701451 13.461809833388807 11.71388944147938 0.8469333680652316 12.517096668249563 13.613235970886809 1.0609188072331885
14.030203679684318 13.32138000431097 1.11363788765453 14.45475954425342 14.760043387990908 1.381612253061462 15.468866989028037 12.896824052676738 1.1203880911016622 13.605647616311579 11.882716695208984 0.8833775369763313 12.59154028580406 13.745935982191208 1.0581838340547267
14.112778452314744 13.488560187387632 1.1104047653333227 14.489610444666942 14.94045468480314 1.3783257333882746 15.564673025993407 13.111728287337595 1.182483418353733 13.735946668546296 12.036665615709254 0.8534331588454813 12.66088396811271 13.865392062035093 1.0315047295632966
14.188505043363087 13.640642444122319 1.1071993394785706 14.521533259827017 15.103206026388813 1.3759022697475956 15.651068547472631 13.307614130358237 1.1283319330222508 13.855476609023126 12.17807893591759 0.8847039733420304 12.725941445084455 13.973670782596354 1.028018826746399
14.257402332807084 13.777570966820091 1.102050677102371 14.551154394793343 15.248526335100566 1.3635246717759697 15.72835778099938 13.483819006664739 1.1865440109828354 13.963650497057118 12.306615524597058 0.8577089039822385 12.786446983023996 14.07132290280575 1.0041615768554786
14.32093089345312 13.90222472990389 1.0968751621454262 14.578963611545063 15.379864453862899 1.3607654931221933 15.798570535858843 13.644191905842762 1.1297028881510986 14.062897941580358 12.424585079865851 0.8850533244399539 12.843291148804443 14.160257577721366 0.9999802263310458
14.378908525703393 14.014287905520415 1.0898387718139675 14.605158533994912 15.497126699997537 1.3412583497151476 15.861747403097262 13.788038006682992 1.1842273904607368 14.15265875737811 12.531449037146128 0.85926297201168 12.896069753718375 14.24053778093226 0.9784577180525338
14.432630395622777 14.116359652220135 1.082790552113081 14.630192078691266 15.603292546152073 1.337212626672423 15.919563205548613 13.918797856800493 1.1247401939104262 14.235068467676372 12.629426832151346 0.8837255319791545 12.945697477766 14.313921470773337 0.9738746305091465
14.481757298430878 14.207946404660825 1.0741327299559262 14.653994419358341 15.698025033101144 1.312040980467413 15.971836011469538 14.035709398098627 1.1759579903404032 14.309520425381242 12.717867702570278 0.8583932045148309 12.991678694889899 14.380183388428112 0.9544429813301806
14.527454846317625 14.291402000931228 1.065501472359865 14.67698412280929 15.783930411388011 1.3065885296080897 16.01998317210604 14.141872608891534 1.1140703056584624 14.377925320819983 12.798873663692126 0.8806960198641787 13.034926410423438 14.440931415314441 0.9497794288056981
14.569272203609842 14.366117169361097 1.055598998744505 14.698922906425896 15.860503541894424 1.2769212838175215 16.063658660106828 14.236466582143226 1.1624259656017757 14.439621748400032 12.871730724479054 0.8555966758389794 13.07488585655134 14.495767734906707 0.9323585662315946
14.608273453725843 14.43422060141401 1.0458066944175182 14.720204870416605 15.93003858038769 1.2706736882936112 16.10409135027346 14.322289070181702 1.0985992038908592 14.496341793381148 12.93840269340389 0.8761743039226502 13.11245544971489 14.54615215334421 0.9277906456228975
14.643943739724296 14.495048768470902 1.0350665043723186 14.740492804501686 15.991938279369997 1.237455058887932 16.140833330464496 14.3984998158261 1.1445394961809137 14.547394911584423 12.998159188720132 0.8513682289552729 13.147054252932683 14.59159770178171 0.9123932908782558
14.677261021685618 14.550509982079353 1.024596131065895 14.76016771451923 16.04821707996796 1.2315275992544754 16.17496804343888 14.467603180879376 1.0794213154269479 14.594354102368637 13.052802950099508 0.8704271145757132 13.179553901078137 14.63341680078554 0.9078871390937867
14.70769351845351 14.599945843670694 1.0133977664805305 14.778847220430102 16.098257253613404 1.1954994967264236 16.206004999640584 14.528792244843522 1.1233567648647815 14.636540029553004 13.101634371699042 0.8461162668723934 13.20938212943443 14.671099427280435 0.8945642524227863
14.73613626543521 14.645039112859704 1.0027254400124375 14.796906161499471 16.14380763608188 1.1912145027566938 16.234904723519758 14.584269120326757 1.0577127712767804 14.675366172979537 13.146270646775012 0.8637047135289975 13.237367723443308 14.705809117848563 0.8899051291700435
14.76208259363306 14.685186716610213 0.9913828023948786 14.813960039784758 16.18428933782695 1.1529315556681736 16.261185272882106 14.633309358954989 1.099994485328719 14.710205324475442 13.186084044032702 0.8401366406615279 13.26297998880436 14.737064064878732 0.8787061934068203
14.786338363391014 14.72183701789433 0.9809188210709584 14.830376920123088 16.22119043210327 1.1514963291741676 16.285691727573592 14.67779838189127 1.0346001304044783 14.742299651576925 13.2224836484255 0.8562285106849398 13.286984935337212 14.765875660015432 0.8735922176383638
14.80845442126367 14.754477137278633 0.969659670098403 14.845803073079637 16.254012075382 1.1113494203607903 16.30798940104356 14.71712855476737 1.0755062279122964 14.771105901480697 13.254942161462749 0.8336347349463826 13.308919494487572 14.791825716808805 0.8645388907979089
14.829134164620653 14.784312054895059 0.9597062078646801 14.860589746363567 16.283982213859336 1.113592111433128 16.32880429035101 14.752856414406857 1.011020906016663 14.797678474521852 13.284641926407959 0.8482112004295495 13.329463996751118 14.815767695567413 0.8586937998145671
14.848005554426063 14.81093601610204 0.9486672645464143 14.874435460934066 16.310703140989677 1.0718376114216566 16.34777270474655 14.784506157967916 1.0507465648060916 14.821575733841398 13.311168867544094 0.826775843260431 13.348238436295636 14.8373658761715 0.8517678318618562
14.86565211518847 14.835304374544895 0.9394022786495904 14.887655263319639 16.335142994204592 1.0780978063516922 16.365490716325432 14.813301188005472 0.9876211684564624 14.843648901756442 13.335465772412679 0.8398739213531682 13.365813490612222 14.857307557847186 0.8450181581388261
14.881784328410355 14.857117901842052 0.9286382381049137 14.900008848730435 16.35700718095852 1.0348813212805719 16.38167362054778 14.838893411126021 1.0262705808343766 14.863559856092174 13.35722861018469 0.8197274016114146 13.38189505276716 14.87534239620796 0.8401655850215943
14.896849480957291 14.877083493208284 0.9201275520658786 14.911750643889672 16.377009480614376 1.045081648683426 16.39677545946379 14.862182308227158 0.9647305967683211 14.881948283956 13.37715751452663 0.8314406397650282 13.396923491163578 14.89198467489629 0.8324524286153544
14.91063646947141 14.894998281835543 0.9096308786628753 14.922701226545604 16.39494975860611 1.0004485648258536 16.410587952398487 14.882933540851674 1.0023137038798569 14.898571736253375 13.395046798944215 0.8126709111888183 13.410684994336533 14.907063025263522 0.8296042542182177
14.923437046354257 14.91132081292988 0.9018597341055763 14.933024354790117 16.411290176022607 1.0142711096761885 16.42340640504318 14.901733493035715 0.942410393369499 14.913849721366288 13.411351454245105 0.8231215977036076 13.423467682141403 14.920908131412014 0.8209463936774073
14.935135580386662 14.925963875028078 0.8915800682311937 14.942617034622584 16.425945215819336 0.968157598993552 16.43511692444773 14.9184824287557 0.9788385785403471 14.9276541375994 13.425982530968321 0.8057984463242075 13.435154240358727 14.93344532183021 0.8200524194643568
14.945799710599001 14.93907715358071 0.8844962923073248 14.95148073732521 16.439066396759408 0.9852191247998793 16.44578895143712 14.933396121711137 0.92052904611446 14.940118676366387 13.439087912728477 0.8151138172824678 13.44581046693313 14.944758185475443 0.8105047735197075
14.954830740866234 14.949989196498075 0.8743836457627074 14.959101418478093 16.449983116423343 0.9375041086766147 16.454824661692776 14.945718521382114 0.9556453706125747 14.950560066598939 13.449995275654178 0.7993278795776853 13.45483682114023 14.954259871934111 0.8115892210062035
14.954830043430874 14.949988368403782 0.8670396315670239 14.959100823710383 16.449982287686243 0.9434450112863363 16.454823964347 14.945717590401383 0.9167898939264996 14.950559267043934 13.449994447536335 0.8009431982167491 13.45483612436767 14.954259145622691 0.8057295317175782
14.96254941730233 14.959006187449418 0.8585997443880401 14.96579135241685 16.45900268739141 0.9218061431027884 16.46254591107257 14.95576424111078 0.9141861929665431 14.959307465149076 13.45900969361356 0.7999197115776668 13.462552916500147 14.962248134972528 0.7997264259880854
14.96777402034002 14.965009825184246 0.8507535540729246 14.970382023511752 16.465007552763268 0.9143261651849501 16.467771757413853 14.962401840108226 0.8935263308241669 14.96516604391041 13.465012088167969 0.795117995559727 13.467776294003155 14.967617809098313 0.7986851083071198
14.973971729387516 14.972017890106041 0.8426023608289187 14.975900026785101 16.472016656634285 0.8934516708128643 16.47397048527438 14.97008957019554 0.8908777719101076 14.972043400450918 13.472019134240053 0.7943664088598844 13.473972961560383 14.973946209723342 0.7931488144388739
14.979439787603482 14.978104504887606 0.8351768027950037 14.980829877773038 16.478103854219555 0.8866230015837636 16.479439148202324 14.976714442341263 0.8705960142595827 14.978049733537578 13.478105144157439 0.7895972220562777 13.479440439584469 14.979494570295351 0.792328267036876
14.98442645730904 14.98356948489155 0.8270635496599409 14.985381363049408 16.483569187180407 0.8662021850856917 16.48442614946188 14.982614548224786 0.8674890862522006 14.983471514759223 13.483569792993453 0.789086598755781 13.48442675385552 14.98452441506634 0.7871633206634827
14.988939705720004 14.988440156789501 0.8198927239461208 14.98954953031361 16.488440027510375 0.8596734539367049 16.48893958425016 14.98783036520578 0.84751777454655 14.988329915908 13.488440277901843 0.7841816775679386 13.488939835943523 14.989049959076345 0.7863873677191596
14.992892644460865 14.992640804329843 0.811630048460725 14.993242878513039 16.492640767419175 0.8395977711547052 16.492892602803085 14.992290537204404 0.8436004359658161 14.992542380465734 13.492640846386562 0.7837961191484462 13.492892680680095 14.992991057199257 0.7814369237199703
14.996236848313465 14.996140031745583 0.8044735935468872 14.996402124041678 16.496140020341898 0.8331204296661353 16.496236838254507 14.995974784698117 0.8239847212082719 14.996071593574444 13.496140041464578 0.7784565503016011 13.496236860135506 14.996305293716446 0.7803565284243845
14.99886372700921 14.998845146339619 0.7956667259033307 14.998909754785082 16.49884514625224 0.8135329562468936 16.498863728756927 14.998799097065895 0.819093635103128 14.99881768919129 13.498845144805179 0.7772832334168345 13.498863726906345 14.998891182557882 0.7747397759060443
15.000289932238182 15.000290755873495 0.7886230236006749 15.000285590592881 16.50029075566341 0.8065430997623623 16.50028993353667 15.000295088379133 0.7996334434530226 15.0002942703929 13.50029075453001 0.7723866935647121 13.500289932442417 15.00028641594118 0.7740359371487122
15.000000028142297 14.999999971662833 0.7853981634180663 15.000000234996895 16.499999769639235 0.7853981633630153 16.49999974980762 15.00000024636997 0.7853981634799211 14.999999927612064 13.500000073046005 0.7853981634006232 13.500000060194338 14.999999938832318 0.785398163421618
